4.808387096774193736e+01
4.964516129032258362e+01
5.929677419354839429e+01
4.609677419354839145e+01
4.907741935483870321e+01
5.447096774193548896e+01
5.333548387096774235e+01
4.723225806451612385e+01
4.836774193548387046e+01
4.425161290322581209e+01
4.567096774193547759e+01
4.964516129032258362e+01
4.311612903225806548e+01
5.163225806451612954e+01
4.240645161290323273e+01
4.183870967741935232e+01
4.183870967741935232e+01
4.425161290322581209e+01
4.254838709677419928e+01
4.694838709677419075e+01
4.212258064516128542e+01
4.467741935483871174e+01
4.311612903225806548e+01
4.524516129032257794e+01
4.680645161290322420e+01
4.609677419354839145e+01
4.368387096774193168e+01
4.226451612903225197e+01
4.467741935483871174e+01
4.297419354838709893e+01
4.283225806451613238e+01
4.155483870967741922e+01
4.510322580645161139e+01
4.680645161290322420e+01
4.907741935483870321e+01
4.992903225806451672e+01
6.014838709677419359e+01
5.716774193548386762e+01
4.339999999999999858e+01
4.638064516129032455e+01
5.518064516129032171e+01
5.276774193548387615e+01
4.567096774193547759e+01
4.084516129032257936e+01
4.510322580645161139e+01
4.283225806451613238e+01
4.666451612903225765e+01
4.623870967741935800e+01
4.524516129032257794e+01
4.410967741935484554e+01
4.623870967741935800e+01
4.368387096774193168e+01
4.723225806451612385e+01
4.297419354838709893e+01
4.510322580645161139e+01
4.396774193548386478e+01
4.751612903225807116e+01
4.112903225806451957e+01
4.709032258064515730e+01
4.410967741935484554e+01
4.198064516129031887e+01
4.638064516129032455e+01
4.183870967741935232e+01
4.425161290322581209e+01
4.396774193548386478e+01
4.453548387096774519e+01
4.198064516129031887e+01
4.169677419354838577e+01
4.311612903225806548e+01
4.269032258064516583e+01
4.240645161290323273e+01
4.382580645161289823e+01
4.240645161290323273e+01
4.212258064516128542e+01
4.368387096774193168e+01
4.496129032258064484e+01
4.765806451612903771e+01
4.410967741935484554e+01
4.425161290322581209e+01
4.524516129032257794e+01
4.623870967741935800e+01
5.333548387096774235e+01
4.737419354838709040e+01
4.808387096774193736e+01
4.240645161290323273e+01
4.382580645161289823e+01
4.354193548387096513e+01
4.368387096774193168e+01
4.666451612903225765e+01
4.652258064516129110e+01
4.467741935483871174e+01
4.481935483870967829e+01
4.680645161290322420e+01
4.751612903225807116e+01
4.524516129032257794e+01
4.453548387096774519e+01
4.907741935483870321e+01
5.347741935483870890e+01
4.978709677419355017e+01
5.106451612903226334e+01
5.248387096774194305e+01
4.496129032258064484e+01
4.453548387096774519e+01
4.595483870967742490e+01
4.709032258064515730e+01
4.723225806451612385e+01
4.567096774193547759e+01
4.382580645161289823e+01
4.339999999999999858e+01
4.439354838709677864e+01
4.595483870967742490e+01
4.098709677419354591e+01
4.155483870967741922e+01
4.013548387096773951e+01
4.127096774193548612e+01
4.609677419354839145e+01
4.254838709677419928e+01
4.254838709677419928e+01
4.425161290322581209e+01
4.084516129032257936e+01
4.311612903225806548e+01
4.396774193548386478e+01
4.283225806451613238e+01
4.453548387096774519e+01
4.297419354838709893e+01
3.871612903225806690e+01
4.183870967741935232e+01
4.240645161290323273e+01
4.311612903225806548e+01
4.112903225806451957e+01
4.212258064516128542e+01
4.467741935483871174e+01
4.694838709677419075e+01
4.254838709677419928e+01
4.467741935483871174e+01
4.141290322580645267e+01
4.169677419354838577e+01
4.325806451612903203e+01
4.496129032258064484e+01
4.013548387096773951e+01
4.084516129032257936e+01
4.155483870967741922e+01
4.410967741935484554e+01
4.325806451612903203e+01
4.254838709677419928e+01
