176.21217950454172 48.9993879849814 0
173.86551421471034 51.987081107873536 0
167.2098897612666 54.08327113600423 0
163.86317599388673 51.916754198118156 0
162.18450259878938 44.056906730533655 0
165.5813428803291 37.960842175577 0
169.54413900136547 36.76742422300862 0
173.6873793491519 40.2248693186274 0
152.8209026715864 32.782769345679654 1
157.19311229041028 31.835516725835276 1
165.5813428803291 37.960842175577 1
162.18450259878938 44.056906730533655 1
151.48308364461536 43.60851675115401 1
149.09638940763682 38.76080574177148 1
119.41864487186321 59.64795609446375 2
130.94235806357278 59.21926307276455 2
128.57185760519656 47.804607754028794 2
127.84721156207901 47.51418433271799 2
119.60900309431851 51.810907880314375 2
159.37084935336753 185.2275414525346 3
158.1625603440969 171.4961550381075 3
156.77878989924113 170.365859754169 3
147.49389715038262 176.88441524724462 3
154.4466661010935 185.8556631348345 3
187.23051336353205 43.47324637381395 4
182.78438277105465 37.681237103170616 4
173.6873793491519 40.2248693186274 4
176.21217950454172 48.9993879849814 4
185.22024698231775 48.74428294531948 4
172.82230191695044 65.26042535445666 5
166.96854759738687 59.07709452828644 5
167.2098897612666 54.08327113600423 5
173.86551421471034 51.987081107873536 5
179.53515596738504 61.33562990160054 5
171.95787911841433 70.24091335917424 6
159.55769544377284 69.46639869750848 6
159.53726549180118 66.97272596089577 6
166.96854759738687 59.07709452828644 6
172.82230191695044 65.26042535445666 6
16.55716292194988 134.96762610922508 7
21.892064265198357 139.43299336140467 7
24.058997056867298 139.51408497421008 7
29.390675692518144 133.38985142457534 7
20.74681065291057 124.04174396785578 7
17.69130033302268 124.63077092830054 7
15.709753975938384 127.04917023031066 7
129.00836295942003 15.385592451178226 8
129.4033508100983 22.83152916053993 8
134.4823900389914 24.39697598666754 8
139.76608582244114 18.471158821288384 8
132.3194034483522 12.62753234905884 8
129.00836295942003 15.385592451178226 9
121.36041642207648 14.303270734737453 9
119.3543450002406 21.35781674442515 9
124.73734077203186 26.191240091288563 9
129.4033508100983 22.83152916053993 9
108.96918903608965 35.455147016255566 10
99.02279359415358 29.81304518752829 10
98.57953139217308 27.749557184308884 10
99.61591549471918 25.31714170617549 10
107.56358769715739 20.215582932744212 10
111.63510289334421 23.41180428668727 10
112.6172921523693 29.449055029647255 10
98.57953139217308 27.749557184308884 11
87.0978291560762 27.10084678189567 11
88.89424970035766 15.207638421141311 11
91.7260857837286 14.741909324995362 11
99.61591549471918 25.31714170617549 11
112.6172921523693 29.449055029647255 12
124.03347779734678 32.76122729995768 12
124.73734077203186 26.191240091288563 12
119.3543450002406 21.35781674442515 12
111.63510289334421 23.41180428668727 12
23.172282368806762 110.65343904485854 13
13.993087098399599 109.40188938793949 13
13.019538441905269 101.06147495707378 13
20.966577307612027 98.27107667173658 13
26.901737284100662 103.06082827547385 13
26.344727659711282 108.72478106202976 13
23.172282368806762 110.65343904485854 14
22.900932689488712 121.80111670939763 14
20.74681065291057 124.04174396785578 14
17.69130033302268 124.63077092830054 14
10.466478758948284 113.62469401603664 14
13.993087098399599 109.40188938793949 14
26.344727659711282 108.72478106202976 15
31.538438864829146 111.57826657215864 15
40.19468395764693 108.6368135077789 15
33.43957836949271 98.60153127835179 15
26.901737284100662 103.06082827547385 15
23.172282368806762 110.65343904485854 16
22.900932689488712 121.80111670939763 16
32.35022813884717 120.29462892640615 16
31.538438864829146 111.57826657215864 16
26.344727659711282 108.72478106202976 16
104.22554154164307 67.52371093266296 17
98.77544393630332 69.07117248521809 17
95.28976402957862 77.1349792557987 17
95.80355766469636 78.34306296843116 17
105.20501250973753 80.606236430515 17
106.29117805266522 80.06174711189138 17
109.1406261072109 72.91597405116997 17
104.12990436127113 43.62543870341369 18
109.36638331048805 38.143901279038005 18
115.93316856963968 41.100452616228054 18
115.74950462009913 48.87089626002836 18
109.44807792404335 50.85738574608824 18
103.7179755838837 46.54701466656586 18
109.36638331048805 38.143901279038005 19
108.96918903608965 35.455147016255566 19
112.6172921523693 29.449055029647255 19
124.03347779734678 32.76122729995768 19
124.70505722225901 34.329971228625 19
123.17049198387433 38.15914883831779 19
115.93316856963968 41.100452616228054 19
115.74950462009913 48.87089626002836 20
119.60900309431851 51.810907880314375 20
127.84721156207901 47.51418433271799 20
123.17049198387433 38.15914883831779 20
115.93316856963968 41.100452616228054 20
104.12990436127113 43.62543870341369 21
95.58299708080573 37.16419296476822 21
99.02279359415358 29.81304518752829 21
108.96918903608965 35.455147016255566 21
109.36638331048805 38.143901279038005 21
109.44807792404335 50.85738574608824 22
109.14192234419654 59.551197789873086 22
118.23625388756828 61.02194490038862 22
119.41864487186321 59.64795609446375 22
119.60900309431851 51.810907880314375 22
115.74950462009913 48.87089626002836 22
103.7179755838837 46.54701466656586 23
99.51777128810731 49.673997103354765 23
97.91667117299683 55.26072975436841 23
105.92003196770936 61.505326184525984 23
109.14192234419654 59.551197789873086 23
109.44807792404335 50.85738574608824 23
26.800892222427635 78.5974232217952 24
16.35690138109372 85.63851290799113 24
16.661033671512342 86.98602100067637 24
22.445286977552897 91.81490173786506 24
26.27954039191185 90.62991466253561 24
29.96622997162686 82.69831275608394 24
27.20527065223527 78.6558832046241 24
22.445286977552897 91.81490173786506 25
20.966577307612027 98.27107667173658 25
13.019538441905269 101.06147495707378 25
12.358835681678386 100.51901541999001 25
10.548727919739122 94.81753754240816 25
16.661033671512342 86.98602100067637 25
22.445286977552897 91.81490173786506 26
20.966577307612027 98.27107667173658 26
26.901737284100662 103.06082827547385 26
33.43957836949271 98.60153127835179 26
34.15928445130277 96.57270541010905 26
26.27954039191185 90.62991466253561 26
48.37021166878823 29.433649887324677 27
57.77910317185996 26.800326429955618 27
59.63943692005796 29.216770836685825 27
56.04815842696361 36.43054615043718 27
48.41851957311238 36.43596544345378 27
37.475456472580944 34.737735385764964 28
28.167353136941074 40.382141822634466 28
33.86006244043659 48.98841759576099 28
41.09415776522941 46.19299523017514 28
44.383322347470454 40.45280877308387 28
75.24431782407142 20.60640707727923 29
85.2209891407929 28.618607828559846 29
87.0978291560762 27.10084678189567 29
88.89424970035766 15.207638421141311 29
85.71375913702146 13.809595145478 29
75.30753869132177 20.47890459771179 29
79.19520525902344 33.30221552951784 30
69.48560453173876 30.716614091304223 30
72.27119426577518 22.37860225983198 30
75.24431782407142 20.60640707727923 30
85.2209891407929 28.618607828559846 30
85.21447019523869 28.643827689843334 30
152.60425613247804 19.98252852902243 31
148.00786054983246 26.354388593396294 31
145.45985919432076 25.92645029998397 31
141.12654155654508 18.393492709984642 31
144.65186689361843 14.756063696590132 31
148.72132282389157 14.734803270324036 31
152.60425613247804 19.98252852902243 32
148.00786054983246 26.354388593396294 32
152.8209026715864 32.782769345679654 32
157.19311229041028 31.835516725835276 32
160.00836201736945 25.102464541836284 32
157.13010824349413 20.188580464016994 32
139.449087989872 30.506330390816785 33
144.79142174561827 38.54655692713449 33
137.43555977048476 43.614186546053176 33
132.37514525234894 34.41388666611287 33
136.90925183467522 30.220412916750576 33
132.37514525234894 34.41388666611287 34
124.70505722225901 34.329971228625 34
123.17049198387433 38.15914883831779 34
127.84721156207901 47.51418433271799 34
128.57185760519656 47.804607754028794 34
136.84392289231164 45.33054156530385 34
137.43555977048476 43.614186546053176 34
139.449087989872 30.506330390816785 35
145.45985919432076 25.92645029998397 35
148.00786054983246 26.354388593396294 35
152.8209026715864 32.782769345679654 35
149.09638940763682 38.76080574177148 35
144.79142174561827 38.54655692713449 35
136.90925183467522 30.220412916750576 36
134.4823900389914 24.39697598666754 36
129.4033508100983 22.83152916053993 36
124.73734077203186 26.191240091288563 36
124.03347779734678 32.76122729995768 36
124.70505722225901 34.329971228625 36
132.37514525234894 34.41388666611287 36
139.449087989872 30.506330390816785 37
145.45985919432076 25.92645029998397 37
141.12654155654508 18.393492709984642 37
139.76608582244114 18.471158821288384 37
134.4823900389914 24.39697598666754 37
136.90925183467522 30.220412916750576 37
150.0776731561432 83.58367661074439 38
148.10258332899213 79.70789023611303 38
152.5012087041439 72.45424773941801 38
158.5174376936639 71.2843660149658 38
161.48054236442914 79.10883809132773 38
153.0498146280891 84.80939070646954 38
150.0776731561432 83.58367661074439 39
145.1614366702255 88.93860313028026 39
139.1350171077795 87.37995499927817 39
136.36623352440898 78.3564077238334 39
136.7780966576774 77.55558541126624 39
148.10258332899213 79.70789023611303 39
150.0776731561432 83.58367661074439 40
145.1614366702255 88.93860313028026 40
146.7879437101896 94.19460660772006 40
153.33563186900483 95.20330674994764 40
155.90831313173635 93.45479486253222 40
156.25256687951565 91.96211431291476 40
153.0498146280891 84.80939070646954 40
136.57097220214058 75.49806701947438 41
136.7780966576774 77.55558541126624 41
148.10258332899213 79.70789023611303 41
152.5012087041439 72.45424773941801 41
144.0806821387681 66.35963840794345 41
174.67169924160805 28.245950796909042 42
180.4631325262651 19.16353895700297 42
174.447481373078 15.73049260904287 42
168.82637522907447 19.75783764523679 42
168.48799308647938 24.150489843482788 42
172.41947783585 28.880112850521826 42
174.67169924160805 28.245950796909042 43
184.203356397265 31.360286282681486 43
184.56624486953365 31.15406931552552 43
186.57669681940558 24.47148559119759 43
181.04358801052837 19.038315953133264 43
180.4631325262651 19.16353895700297 43
168.48799308647938 24.150489843482788 44
160.00836201736945 25.102464541836284 44
157.13010824349413 20.188580464016994 44
161.25512520381716 13.214012642932687 44
162.64785551523738 12.865159310568998 44
168.82637522907447 19.75783764523679 44
172.41947783585 28.880112850521826 45
169.54413900136547 36.76742422300862 45
165.5813428803291 37.960842175577 45
157.19311229041028 31.835516725835276 45
160.00836201736945 25.102464541836284 45
168.48799308647938 24.150489843482788 45
174.67169924160805 28.245950796909042 46
184.203356397265 31.360286282681486 46
182.78438277105465 37.681237103170616 46
173.6873793491519 40.2248693186274 46
169.54413900136547 36.76742422300862 46
172.41947783585 28.880112850521826 46
144.8338951601454 162.56678829068127 47
142.1045945935407 172.69343358274767 47
145.66570295076525 176.8663506808402 47
147.49389715038262 176.88441524724462 47
156.77878989924113 170.365859754169 47
156.77378724328054 170.34181201571636 47
147.43345925848377 162.4422515887303 47
154.1429666337762 154.7619959334172 48
161.0956776299995 160.94062831914525 48
156.77378724328054 170.34181201571636 48
147.43345925848377 162.4422515887303 48
167.68779023693781 171.55346432112339 49
175.27802039528592 172.94294543018333 49
176.11119999947323 182.20621844559818 49
168.05693194687882 180.89836771800645 49
166.2690101476271 172.4862950055059 49
166.2690101476271 172.4862950055059 50
158.1625603440969 171.4961550381075 50
159.37084935336753 185.2275414525346 50
161.45357645447763 186.25707213779776 50
168.05693194687882 180.89836771800645 50
167.68779023693781 171.55346432112339 51
169.85395831956794 162.8886542851441 51
164.29466936149214 159.96380929878578 51
161.0956776299995 160.94062831914525 51
156.77378724328054 170.34181201571636 51
156.77878989924113 170.365859754169 51
158.1625603440969 171.4961550381075 51
166.2690101476271 172.4862950055059 51
137.4077712729012 111.88350955166297 52
135.37165400347516 106.17772350164407 52
140.28228817410854 98.25374041844674 52
142.52504269185482 98.26321074942516 52
147.7335931484398 105.33745544187752 52
147.5436064897856 105.93740445070628 52
137.61596257037303 111.8816943343349 52
140.28228817410854 98.25374041844674 53
135.60346061099136 93.4330168987959 53
139.1350171077795 87.37995499927817 53
145.1614366702255 88.93860313028026 53
146.7879437101896 94.19460660772006 53
142.52504269185482 98.26321074942516 53
147.7335931484398 105.33745544187752 54
152.3504819195383 102.70337965742635 54
153.33563186900483 95.20330674994764 54
146.7879437101896 94.19460660772006 54
142.52504269185482 98.26321074942516 54
137.61596257037303 111.8816943343349 55
147.24588204092447 117.53322453530754 55
152.3875960478893 114.26925592675539 55
147.5436064897856 105.93740445070628 55
15.944186943605942 150.5493221327187 56
14.136774815996944 147.9141214497495 56
21.892064265198357 139.43299336140467 56
24.058997056867298 139.51408497421008 56
28.77844553766039 147.80272085891337 56
25.118984217596676 151.59457741214626 56
14.642261734869166 158.6817786115171 57
15.944186943605942 150.5493221327187 57
25.118984217596676 151.59457741214626 57
25.521673076469867 159.77826698257323 57
21.842706008124182 162.56460735167786 57
48.264667662140496 172.55165123750845 58
58.18508088788789 166.6674134563166 58
62.24561764881268 169.4900548353295 58
59.258362419246325 177.46356699978844 58
50.85067585305501 178.85085469058617 58
135.9437790716297 172.5336643686222 59
142.1045945935407 172.69343358274767 59
145.66570295076525 176.8663506808402 59
141.6197034600484 183.18397537183532 59
136.8113765182128 184.49360214784346 59
132.0071072573739 177.38304838844203 59
67.8584999100228 110.85803612102302 60
58.15238328973331 116.21666120425672 60
59.825678076382545 124.88792437176969 60
66.00657707058473 125.97323775996762 60
71.85356953077734 115.27734635838675 60
70.46496700627124 112.55268187078062 60
67.96048564985693 110.85867252940687 60
66.00657707058473 125.97323775996762 61
68.32499544618848 129.26622439726748 61
65.19776604638356 137.4933556097989 61
59.13152247225668 138.3853836286898 61
53.80112251522212 128.70240105447036 61
59.825678076382545 124.88792437176969 61
71.85356953077734 115.27734635838675 62
80.20923908110898 118.77360314150627 62
80.65097211001999 119.56273513099612 62
79.3651109074702 126.12353062643876 62
73.24589495276406 130.09510225455736 62
68.32499544618848 129.26622439726748 62
66.00657707058473 125.97323775996762 62
70.46496700627124 112.55268187078062 63
82.4414355557481 101.84649239578619 63
87.11685203563961 106.9665776719034 63
80.20923908110898 118.77360314150627 63
71.85356953077734 115.27734635838675 63
99.77184687443592 154.23137054360512 64
95.0635893119859 157.4299750456443 64
95.05229504924107 164.42668506970747 64
98.7636735463703 168.29323171494022 64
108.13283143608534 158.9408157528052 64
35.32414926788293 161.91307098542217 65
25.521673076469867 159.77826698257323 65
21.842706008124182 162.56460735167786 65
21.303351644259706 170.02181915354913 65
27.993640264259952 173.14769036663893 65
35.12067441039319 167.50143500540173 65
38.060089369615156 179.60873040209856 66
40.8446090824735 172.52882859599782 66
35.12067441039319 167.50143500540173 66
27.993640264259952 173.14769036663893 66
28.939657832128077 177.08368109551537 66
35.62214825403068 180.56560285548326 66
118.86140086772643 65.80092253814082 67
110.5962865720203 72.83804291313618 67
117.3809310677455 77.50948943069938 67
121.77634652887063 75.79901672186071 67
123.59738121793548 70.39312814275277 67
123.59738121793548 70.39312814275277 68
130.24466766919863 69.4472382165537 68
136.57097220214058 75.49806701947438 68
136.7780966576774 77.55558541126624 68
136.36623352440898 78.3564077238334 68
127.89007537581357 82.93946289279609 68
121.77634652887063 75.79901672186071 68
110.5962865720203 72.83804291313618 69
109.1406261072109 72.91597405116997 69
106.29117805266522 80.06174711189138 69
115.49725019970317 86.79890924235957 69
117.3809310677455 77.50948943069938 69
118.86140086772643 65.80092253814082 70
118.23625388756828 61.02194490038862 70
109.14192234419654 59.551197789873086 70
105.92003196770936 61.505326184525984 70
104.22554154164307 67.52371093266296 70
109.1406261072109 72.91597405116997 70
110.5962865720203 72.83804291313618 70
118.86140086772643 65.80092253814082 71
118.23625388756828 61.02194490038862 71
119.41864487186321 59.64795609446375 71
130.94235806357278 59.21926307276455 71
131.8242169030866 59.89430090773098 71
130.24466766919863 69.4472382165537 71
123.59738121793548 70.39312814275277 71
51.418927434869616 12.570651064738328 72
62.98172472477606 15.029215212155009 72
63.534734337413894 17.204170134857236 72
57.664881592689284 24.50474825511347 72
49.32563085454038 16.991881434423263 72
50.32943279556834 13.14817939393727 72
63.534734337413894 17.204170134857236 73
72.27119426577518 22.37860225983198 73
69.48560453173876 30.716614091304223 73
68.5396231798242 31.528374750377694 73
59.63943692005796 29.216770836685825 73
57.77910317185996 26.800326429955618 73
57.664881592689284 24.50474825511347 73
38.95172305238813 62.091502184241705 74
39.645502578596606 59.75896202068793 74
32.8617427809766 52.0298991640431 74
29.558416697317554 54.017854052576126 74
25.65363902232211 63.04870935700352 74
30.12668889058513 66.09391046362178 74
34.551102182050116 96.29143778424483 75
34.15928445130277 96.57270541010905 75
26.27954039191185 90.62991466253561 75
29.96622997162686 82.69831275608394 75
36.961750164356076 84.6171794713363 75
44.28009749203348 95.91982437610625 76
44.765206453136514 105.69628324973127 76
41.98939148920172 109.0918457597082 76
40.19468395764693 108.6368135077789 76
33.43957836949271 98.60153127835179 76
34.15928445130277 96.57270541010905 76
34.551102182050116 96.29143778424483 76
54.84262410022235 104.1763199650714 77
44.765206453136514 105.69628324973127 77
44.28009749203348 95.91982437610625 77
45.05455607403108 95.1534657475668 77
52.23431603333216 96.26491982481704 77
55.3621964181107 104.49483269476659 78
54.378686192175536 114.1060941630991 78
58.15238328973331 116.21666120425672 78
67.8584999100228 110.85803612102302 78
57.56759745852352 104.15600523399476 78
55.3621964181107 104.49483269476659 79
54.378686192175536 114.1060941630991 79
50.696308227877296 115.25396131507253 79
42.106396562020606 109.36547510852742 79
41.98939148920172 109.0918457597082 79
44.765206453136514 105.69628324973127 79
54.84262410022235 104.1763199650714 79
73.26205117780647 42.89868600308223 80
80.25605994578275 41.57850070575182 80
79.19520525902344 33.30221552951784 80
69.48560453173876 30.716614091304223 80
68.5396231798242 31.528374750377694 80
68.32512405572375 35.766978282281045 80
47.996383809152746 55.13538613419482 81
41.09415776522941 46.19299523017514 81
33.86006244043659 48.98841759576099 81
32.8617427809766 52.0298991640431 81
39.645502578596606 59.75896202068793 81
47.11000063164154 56.86319594950126 81
89.52779756025974 37.62103925667367 82
85.21447019523869 28.643827689843334 82
79.19520525902344 33.30221552951784 82
80.25605994578275 41.57850070575182 82
80.81263356955002 41.86821647898731 82
92.14687264218661 38.672616933696844 83
95.58299708080573 37.16419296476822 83
104.12990436127113 43.62543870341369 83
103.7179755838837 46.54701466656586 83
99.51777128810731 49.673997103354765 83
92.05272954427384 45.411515776266356 83
89.52779756025974 37.62103925667367 84
85.21447019523869 28.643827689843334 84
85.2209891407929 28.618607828559846 84
87.0978291560762 27.10084678189567 84
98.57953139217308 27.749557184308884 84
99.02279359415358 29.81304518752829 84
95.58299708080573 37.16419296476822 84
92.14687264218661 38.672616933696844 84
153.76200336412143 59.31065757833457 85
144.054194867006 65.25505419210631 85
139.32157311654657 58.785912731745526 85
142.0461431786996 52.510421605736084 85
149.51333328722455 51.01413432453336 85
154.03576804313104 55.44496460148251 85
144.054194867006 65.25505419210631 86
144.0806821387681 66.35963840794345 86
136.57097220214058 75.49806701947438 86
130.24466766919863 69.4472382165537 86
131.8242169030866 59.89430090773098 86
139.32157311654657 58.785912731745526 86
142.0461431786996 52.510421605736084 87
136.84392289231164 45.33054156530385 87
128.57185760519656 47.804607754028794 87
130.94235806357278 59.21926307276455 87
131.8242169030866 59.89430090773098 87
139.32157311654657 58.785912731745526 87
153.76200336412143 59.31065757833457 88
159.53726549180118 66.97272596089577 88
159.55769544377284 69.46639869750848 88
158.5174376936639 71.2843660149658 88
152.5012087041439 72.45424773941801 88
144.0806821387681 66.35963840794345 88
144.054194867006 65.25505419210631 88
149.51333328722455 51.01413432453336 89
151.48308364461536 43.60851675115401 89
149.09638940763682 38.76080574177148 89
144.79142174561827 38.54655692713449 89
137.43555977048476 43.614186546053176 89
136.84392289231164 45.33054156530385 89
142.0461431786996 52.510421605736084 89
154.03576804313104 55.44496460148251 90
163.86317599388673 51.916754198118156 90
162.18450259878938 44.056906730533655 90
151.48308364461536 43.60851675115401 90
149.51333328722455 51.01413432453336 90
153.76200336412143 59.31065757833457 91
159.53726549180118 66.97272596089577 91
166.96854759738687 59.07709452828644 91
167.2098897612666 54.08327113600423 91
163.86317599388673 51.916754198118156 91
154.03576804313104 55.44496460148251 91
178.26252610540422 170.12990593045166 92
175.27802039528592 172.94294543018333 92
167.68779023693781 171.55346432112339 92
169.85395831956794 162.8886542851441 92
174.45217129792212 161.64783218395678 92
183.63871162645506 170.49855475443874 93
184.45052753730215 181.36079246962498 93
183.34166174772236 182.55535798224332 93
177.63650320213554 183.65426299675775 93
176.11119999947323 182.20621844559818 93
175.27802039528592 172.94294543018333 93
178.26252610540422 170.12990593045166 93
131.72331340392708 163.89326872307953 94
135.9437790716297 172.5336643686222 94
142.1045945935407 172.69343358274767 94
144.8338951601454 162.56678829068127 94
144.3777426054486 162.24202333689243 94
183.6509013466479 61.5142741403493 95
182.46367810153578 62.06603489468995 95
179.53515596738504 61.33562990160054 95
173.86551421471034 51.987081107873536 95
176.21217950454172 48.9993879849814 95
185.22024698231775 48.74428294531948 95
186.3431694800118 50.40296721680903 95
160.09937153464966 112.30337298045231 96
158.48969777649546 105.79559937911077 96
163.09784825847782 99.05411361160895 96
164.6565541404566 98.91386639621513 96
169.9986876113536 106.17359149554477 96
160.86984053709506 112.45267540014285 96
164.6565541404566 98.91386639621513 97
168.30606137591485 94.98112143939281 97
177.89901381873102 98.00266998560303 97
178.03033412231622 98.6333652278505 97
172.36899313811148 106.57988373625514 97
169.9986876113536 106.17359149554477 97
163.09784825847782 99.05411361160895 98
155.90831313173635 93.45479486253222 98
153.33563186900483 95.20330674994764 98
152.3504819195383 102.70337965742635 98
158.48969777649546 105.79559937911077 98
160.09937153464966 112.30337298045231 99
156.29563221412866 114.66854512962061 99
152.3875960478893 114.26925592675539 99
147.5436064897856 105.93740445070628 99
147.7335931484398 105.33745544187752 99
152.3504819195383 102.70337965742635 99
158.48969777649546 105.79559937911077 99
182.2170754638126 71.88492493319578 100
182.46367810153578 62.06603489468995 100
179.53515596738504 61.33562990160054 100
172.82230191695044 65.26042535445666 100
171.95787911841433 70.24091335917424 100
172.497941988896 71.11765265043428 100
63.88603841903016 183.5213525554041 101
59.258362419246325 177.46356699978844 101
62.24561764881268 169.4900548353295 101
65.48447022523756 169.1787552166941 101
72.76247544757696 176.6394892425656 101
72.05493483732353 178.7205833518993 101
15.851110094538825 173.1071454171346 102
21.303351644259706 170.02181915354913 102
27.993640264259952 173.14769036663893 102
28.939657832128077 177.08368109551537 102
25.13908712167452 182.55187805927787 102
20.871061979534986 183.10518653568474 102
15.582088296014746 176.39824343712763 102
165.0490941234707 124.62046620940896 103
167.03213533207173 118.17946036846357 103
160.86984053709506 112.45267540014285 103
160.09937153464966 112.30337298045231 103
156.29563221412866 114.66854512962061 103
156.73969315619848 125.5437256971775 103
153.8587864985106 128.8329530048036 104
156.73969315619848 125.5437256971775 104
156.29563221412866 114.66854512962061 104
152.3875960478893 114.26925592675539 104
147.24588204092447 117.53322453530754 104
146.33547048417677 124.95374525509257 104
154.29109549002885 131.75088346803435 105
165.608463191964 137.8193098414963 105
167.9924101865675 128.6364329033162 105
165.0490941234707 124.62046620940896 105
156.73969315619848 125.5437256971775 105
153.8587864985106 128.8329530048036 105
166.75689952562107 150.25792974094878 106
155.41982956958475 150.69597097395246 106
155.5179894253484 144.79374640765207 106
166.0813627435436 138.8726478849693 106
166.92128394322668 139.58011637987963 106
168.98194459903812 146.92675785547058 106
168.3825001294544 148.84469506342413 106
168.98194459903812 146.92675785547058 107
182.050543114219 146.54031324949216 107
178.60446886552688 135.91988181664294 107
166.92128394322668 139.58011637987963 107
166.0813627435436 138.8726478849693 108
165.608463191964 137.8193098414963 108
167.9924101865675 128.6364329033162 108
177.90256478758016 126.51523304305576 108
179.64170105347563 134.1407407074332 108
178.60446886552688 135.91988181664294 108
166.92128394322668 139.58011637987963 108
155.5179894253484 144.79374640765207 109
149.36986648911096 138.79735649141293 109
154.29109549002885 131.75088346803435 109
165.608463191964 137.8193098414963 109
166.0813627435436 138.8726478849693 109
166.75689952562107 150.25792974094878 110
164.29466936149214 159.96380929878578 110
161.0956776299995 160.94062831914525 110
154.1429666337762 154.7619959334172 110
154.04647931351502 152.50635240826028 110
155.41982956958475 150.69597097395246 110
166.75689952562107 150.25792974094878 111
164.29466936149214 159.96380929878578 111
169.85395831956794 162.8886542851441 111
174.45217129792212 161.64783218395678 111
176.8286113934043 158.49882609866813 111
168.3825001294544 148.84469506342413 111
114.11401810111222 11.031235757585833 112
120.05185889342833 12.35524708866349 112
121.36041642207648 14.303270734737453 112
119.3543450002406 21.35781674442515 112
111.63510289334421 23.41180428668727 112
107.56358769715739 20.215582932744212 112
107.41912137326749 15.906083571438984 112
101.47352898845169 10.202825818427925 113
97.49833937534983 9.616456646218055 113
91.7260857837286 14.741909324995362 113
99.61591549471918 25.31714170617549 113
107.56358769715739 20.215582932744212 113
107.41912137326749 15.906083571438984 113
24.692178925510504 41.05205618610259 114
19.727053698320375 50.23011497404936 114
17.921433473607095 50.93708813810872 114
12.157858746796236 43.40338907523426 114
15.138040760509796 38.9831327702713 114
24.692178925510504 41.05205618610259 115
19.727053698320375 50.23011497404936 115
29.558416697317554 54.017854052576126 115
32.8617427809766 52.0298991640431 115
33.86006244043659 48.98841759576099 115
28.167353136941074 40.382141822634466 115
27.062168668859712 39.983176878679814 115
43.88870442664525 25.197710482219236 116
48.37021166878823 29.433649887324677 116
48.41851957311238 36.43596544345378 116
45.212559882423335 40.220820693300254 116
44.383322347470454 40.45280877308387 116
37.475456472580944 34.737735385764964 116
37.24035576979891 28.379758739194003 116
43.88870442664525 25.197710482219236 117
48.37021166878823 29.433649887324677 117
57.77910317185996 26.800326429955618 117
57.664881592689284 24.50474825511347 117
49.32563085454038 16.991881434423263 117
45.155982298857765 20.519320526451253 117
38.82297069142774 137.38451768986133 118
45.42344536194025 134.83601797784465 118
49.19021713312388 128.46535290809288 118
46.94843867998871 125.04854185471436 118
39.589397122695246 121.98725346966029 118
35.967874899891 122.88042032643753 118
32.71390357337654 132.82918538423837 118
49.19021713312388 128.46535290809288 119
53.80112251522212 128.70240105447036 119
59.825678076382545 124.88792437176969 119
58.15238328973331 116.21666120425672 119
54.378686192175536 114.1060941630991 119
50.696308227877296 115.25396131507253 119
46.94843867998871 125.04854185471436 119
39.589397122695246 121.98725346966029 120
42.106396562020606 109.36547510852742 120
50.696308227877296 115.25396131507253 120
46.94843867998871 125.04854185471436 120
45.42344536194025 134.83601797784465 121
53.80739782781926 146.6891798359948 121
59.13152247225668 138.3853836286898 121
53.80112251522212 128.70240105447036 121
49.19021713312388 128.46535290809288 121
35.967874899891 122.88042032643753 122
32.35022813884717 120.29462892640615 122
31.538438864829146 111.57826657215864 122
40.19468395764693 108.6368135077789 122
41.98939148920172 109.0918457597082 122
42.106396562020606 109.36547510852742 122
39.589397122695246 121.98725346966029 122
32.71390357337654 132.82918538423837 123
29.390675692518144 133.38985142457534 123
20.74681065291057 124.04174396785578 123
22.900932689488712 121.80111670939763 123
32.35022813884717 120.29462892640615 123
35.967874899891 122.88042032643753 123
77.55613871470315 138.72101180560935 124
73.24589495276406 130.09510225455736 124
68.32499544618848 129.26622439726748 124
65.19776604638356 137.4933556097989 124
70.89179238341963 144.13040203837033 124
81.32704516175365 138.8505348211469 125
84.04949349271372 130.90963025846727 125
79.3651109074702 126.12353062643876 125
73.24589495276406 130.09510225455736 125
77.55613871470315 138.72101180560935 125
70.83912101160762 146.3247745254447 126
71.10956951956395 159.55904958326343 126
60.91930928516179 156.07954007006464 126
59.053189308043144 150.3344102033594 126
70.68694690440172 146.08595624896864 126
60.91930928516179 156.07954007006464 127
56.981745721771375 162.93890121138358 127
58.18508088788789 166.6674134563166 127
62.24561764881268 169.4900548353295 127
65.48447022523756 169.1787552166941 127
71.73024224205581 160.38687352765186 127
71.10956951956395 159.55904958326343 127
70.68694690440172 146.08595624896864 128
70.89179238341963 144.13040203837033 128
65.19776604638356 137.4933556097989 128
59.13152247225668 138.3853836286898 128
53.80739782781926 146.6891798359948 128
53.788927510990064 147.04186776229787 128
59.053189308043144 150.3344102033594 128
140.85013780185875 153.1810244864625 129
144.3777426054486 162.24202333689243 129
144.8338951601454 162.56678829068127 129
147.43345925848377 162.4422515887303 129
154.1429666337762 154.7619959334172 129
154.04647931351502 152.50635240826028 129
146.16979231897886 149.83206119576067 129
145.74842396982848 139.8178584399252 130
149.36986648911096 138.79735649141293 130
155.5179894253484 144.79374640765207 130
155.41982956958475 150.69597097395246 130
154.04647931351502 152.50635240826028 130
146.16979231897886 149.83206119576067 130
135.88940849466945 151.41727991732154 131
129.00898811399838 162.29574088258886 131
131.72331340392708 163.89326872307953 131
144.3777426054486 162.24202333689243 131
140.85013780185875 153.1810244864625 131
102.84787551756979 88.20549801476227 132
105.20501250973753 80.606236430515 132
95.80355766469636 78.34306296843116 132
94.25608225051208 83.23553068131807 132
98.48556689396592 88.88869714379439 132
95.4004828440571 94.64383150934944 133
90.4034251823441 93.7070187245109 133
87.27101419459889 86.793559014339 133
94.25608225051208 83.23553068131807 133
98.48556689396592 88.88869714379439 133
130.72877501729715 93.76096388906078 134
135.60346061099136 93.4330168987959 134
140.28228817410854 98.25374041844674 134
135.37165400347516 106.17772350164407 134
128.8264320736344 102.46778302042893 134
124.89460324393549 88.83719672213604 135
127.89007537581357 82.93946289279609 135
136.36623352440898 78.3564077238334 135
139.1350171077795 87.37995499927817 135
135.60346061099136 93.4330168987959 135
130.72877501729715 93.76096388906078 135
92.0678910784032 129.67793973078471 136
84.04949349271372 130.90963025846727 136
81.32704516175365 138.8505348211469 136
83.49277127750373 140.6093221756619 136
94.12082744992266 137.07987867493318 136
92.0678910784032 129.67793973078471 137
84.04949349271372 130.90963025846727 137
79.3651109074702 126.12353062643876 137
80.65097211001999 119.56273513099612 137
90.78418039588796 121.79723880445749 137
92.39785449964116 128.8732709944016 137
37.432373980351144 147.5201752844249 138
50.71070845092497 149.11891368959644 138
48.140576232724314 159.49966262711757 138
46.350752412959864 160.6470587896482 138
37.40221238864227 159.70134627352468 138
36.471847597072994 148.39196424242542 138
50.71070845092497 149.11891368959644 139
53.788927510990064 147.04186776229787 139
59.053189308043144 150.3344102033594 139
60.91930928516179 156.07954007006464 139
56.981745721771375 162.93890121138358 139
48.140576232724314 159.49966262711757 139
46.350752412959864 160.6470587896482 140
47.12685699815215 171.85180798547063 140
48.264667662140496 172.55165123750845 140
58.18508088788789 166.6674134563166 140
56.981745721771375 162.93890121138358 140
48.140576232724314 159.49966262711757 140
37.40221238864227 159.70134627352468 141
35.32414926788293 161.91307098542217 141
35.12067441039319 167.50143500540173 141
40.8446090824735 172.52882859599782 141
47.12685699815215 171.85180798547063 141
46.350752412959864 160.6470587896482 141
37.432373980351144 147.5201752844249 142
38.82297069142774 137.38451768986133 142
45.42344536194025 134.83601797784465 142
53.80739782781926 146.6891798359948 142
53.788927510990064 147.04186776229787 142
50.71070845092497 149.11891368959644 142
36.471847597072994 148.39196424242542 143
28.77844553766039 147.80272085891337 143
25.118984217596676 151.59457741214626 143
25.521673076469867 159.77826698257323 143
35.32414926788293 161.91307098542217 143
37.40221238864227 159.70134627352468 143
37.432373980351144 147.5201752844249 144
38.82297069142774 137.38451768986133 144
32.71390357337654 132.82918538423837 144
29.390675692518144 133.38985142457534 144
24.058997056867298 139.51408497421008 144
28.77844553766039 147.80272085891337 144
36.471847597072994 148.39196424242542 144
21.226017967706582 63.89248716735405 145
25.65363902232211 63.04870935700352 145
29.558416697317554 54.017854052576126 145
19.727053698320375 50.23011497404936 145
17.921433473607095 50.93708813810872 145
15.448710199338436 55.411367792757375 145
18.24542086600924 62.24039260211387 145
20.024814243539808 73.05836074044052 146
26.800892222427635 78.5974232217952 146
27.20527065223527 78.6558832046241 146
31.84357759400723 72.29343428837879 146
30.12668889058513 66.09391046362178 146
25.65363902232211 63.04870935700352 146
21.226017967706582 63.89248716735405 146
13.214076075507137 75.81387681493237 147
13.382160887856884 82.86556603755733 147
16.35690138109372 85.63851290799113 147
26.800892222427635 78.5974232217952 147
20.024814243539808 73.05836074044052 147
70.12089955245393 98.18562131507232 148
73.08065828107961 90.3299342815678 148
66.01226503480817 85.29729052415172 148
61.31325857643964 92.34288149906902 148
63.856664908370774 96.7590290949754 148
69.1288119184902 98.6154069860294 148
63.856664908370774 96.7590290949754 149
57.56759745852352 104.15600523399476 149
55.3621964181107 104.49483269476659 149
54.84262410022235 104.1763199650714 149
52.23431603333216 96.26491982481704 149
56.657746050870045 91.57640961830603 149
61.31325857643964 92.34288149906902 149
69.1288119184902 98.6154069860294 150
67.96048564985693 110.85867252940687 150
67.8584999100228 110.85803612102302 150
57.56759745852352 104.15600523399476 150
63.856664908370774 96.7590290949754 150
70.12089955245393 98.18562131507232 151
82.14013164885877 101.5238725754939 151
79.17246667273277 88.2348192689737 151
73.08065828107961 90.3299342815678 151
70.12089955245393 98.18562131507232 152
82.14013164885877 101.5238725754939 152
82.43321467801458 101.81612298404883 152
82.4414355557481 101.84649239578619 152
70.46496700627124 112.55268187078062 152
67.96048564985693 110.85867252940687 152
69.1288119184902 98.6154069860294 152
92.38433566747541 57.89215052894167 153
97.91667117299683 55.26072975436841 153
105.92003196770936 61.505326184525984 153
104.22554154164307 67.52371093266296 153
98.77544393630332 69.07117248521809 153
93.47714077373304 65.28107207704319 153
92.36889533201868 57.88641299993202 154
92.38433566747541 57.89215052894167 154
93.47714077373304 65.28107207704319 154
84.90325638332858 70.2866064505177 154
82.83391227346736 60.904540192653755 154
86.63910736753759 49.53891263074381 155
92.05272954427384 45.411515776266356 155
99.51777128810731 49.673997103354765 155
97.91667117299683 55.26072975436841 155
92.38433566747541 57.89215052894167 155
92.36889533201868 57.88641299993202 155
84.0414708849191 49.140027173771216 156
80.81263356955002 41.86821647898731 156
89.52779756025974 37.62103925667367 156
92.14687264218661 38.672616933696844 156
92.05272954427384 45.411515776266356 156
86.63910736753759 49.53891263074381 156
77.61377169561293 55.40541731293436 157
84.0414708849191 49.140027173771216 157
80.81263356955002 41.86821647898731 157
80.25605994578275 41.57850070575182 157
73.26205117780647 42.89868600308223 157
71.7866639178447 46.234853962314034 157
77.11066087880208 57.453695142238004 158
82.83391227346736 60.904540192653755 158
92.36889533201868 57.88641299993202 158
86.63910736753759 49.53891263074381 158
84.0414708849191 49.140027173771216 158
77.61377169561293 55.40541731293436 158
52.96366386152354 52.696011041214476 159
47.996383809152746 55.13538613419482 159
41.09415776522941 46.19299523017514 159
44.383322347470454 40.45280877308387 159
45.212559882423335 40.220820693300254 159
52.91050445060644 45.92682313660249 159
59.06941940118958 41.83652125615032 160
56.04815842696361 36.43054615043718 160
48.41851957311238 36.43596544345378 160
45.212559882423335 40.220820693300254 160
52.91050445060644 45.92682313660249 160
60.80149029147705 42.297617813841015 161
68.32512405572375 35.766978282281045 161
68.5396231798242 31.528374750377694 161
59.63943692005796 29.216770836685825 161
56.04815842696361 36.43054615043718 161
59.06941940118958 41.83652125615032 161
64.52409498740145 49.202026784241 162
71.7866639178447 46.234853962314034 162
73.26205117780647 42.89868600308223 162
68.32512405572375 35.766978282281045 162
60.80149029147705 42.297617813841015 162
186.49792434013807 147.30336116214994 163
182.73642116298453 147.04067392003924 163
177.154307858972 158.39146177963005 163
188.18459524407933 161.77454174255752 163
189.52713483863948 160.8064164147764 163
186.5110879111346 147.31700053418976 163
188.18459524407933 161.77454174255752 164
186.36981521888288 168.42069511582298 164
183.63871162645506 170.49855475443874 164
178.26252610540422 170.12990593045166 164
174.45217129792212 161.64783218395678 164
176.8286113934043 158.49882609866813 164
177.154307858972 158.39146177963005 164
182.73642116298453 147.04067392003924 165
182.050543114219 146.54031324949216 165
168.98194459903812 146.92675785547058 165
168.3825001294544 148.84469506342413 165
176.8286113934043 158.49882609866813 165
177.154307858972 158.39146177963005 165
167.88026787653223 88.56480441241052 166
177.6284956763028 86.77592234208373 166
177.63053187747505 81.71550648553858 166
171.70060592155085 77.41181243093709 166
164.68842696956307 81.29501483824126 166
165.73412588914783 86.59709437702273 166
177.63053187747505 81.71550648553858 167
185.23960673663862 75.47214460101043 167
182.2170754638126 71.88492493319578 167
172.497941988896 71.11765265043428 167
171.70060592155085 77.41181243093709 167
164.68842696956307 81.29501483824126 168
161.48054236442914 79.10883809132773 168
158.5174376936639 71.2843660149658 168
159.55769544377284 69.46639869750848 168
171.95787911841433 70.24091335917424 168
172.497941988896 71.11765265043428 168
171.70060592155085 77.41181243093709 168
165.73412588914783 86.59709437702273 169
156.25256687951565 91.96211431291476 169
153.0498146280891 84.80939070646954 169
161.48054236442914 79.10883809132773 169
164.68842696956307 81.29501483824126 169
167.88026787653223 88.56480441241052 170
168.30606137591485 94.98112143939281 170
177.89901381873102 98.00266998560303 170
181.00738147544024 90.64113430588199 170
177.6284956763028 86.77592234208373 170
167.88026787653223 88.56480441241052 171
168.30606137591485 94.98112143939281 171
164.6565541404566 98.91386639621513 171
163.09784825847782 99.05411361160895 171
155.90831313173635 93.45479486253222 171
156.25256687951565 91.96211431291476 171
165.73412588914783 86.59709437702273 171
185.22186591224835 111.64363335404252 172
180.4989567269934 123.8113732153891 172
178.63331506244845 124.79962060439806 172
172.218025332661 117.29392572993723 172
175.16526727310088 111.18521456932999 172
172.218025332661 117.29392572993723 173
167.03213533207173 118.17946036846357 173
165.0490941234707 124.62046620940896 173
167.9924101865675 128.6364329033162 173
177.90256478758016 126.51523304305576 173
178.63331506244845 124.79962060439806 173
175.16526727310088 111.18521456932999 174
172.36899313811148 106.57988373625514 174
169.9986876113536 106.17359149554477 174
160.86984053709506 112.45267540014285 174
167.03213533207173 118.17946036846357 174
172.218025332661 117.29392572993723 174
185.22186591224835 111.64363335404252 175
186.27774798939964 111.05085903309214 175
187.122287738446 105.2102720604737 175
178.03033412231622 98.6333652278505 175
172.36899313811148 106.57988373625514 175
175.16526727310088 111.18521456932999 175
116.31966416428078 187.9530227117808 176
126.10363953516217 187.63938780853243 176
126.19294895540959 177.40191459968966 176
124.67844754370331 176.38432949379407 176
116.42781681570737 179.0188426113739 176
111.29127292419541 157.0886579501359 177
121.4727998755095 156.5278288036434 177
126.50713104740306 162.53121931000373 177
123.95165175214323 166.47748797891987 177
112.98083720760069 168.29834089508506 177
109.50568400937685 158.86900767131232 177
123.95165175214323 166.47748797891987 178
124.67844754370331 176.38432949379407 178
126.19294895540959 177.40191459968966 178
132.0071072573739 177.38304838844203 178
135.9437790716297 172.5336643686222 178
131.72331340392708 163.89326872307953 178
129.00898811399838 162.29574088258886 178
126.50713104740306 162.53121931000373 178
121.4727998755095 156.5278288036434 179
123.28299961645881 147.40404548416214 179
125.71475464131 146.30045809124957 179
135.67208153273492 150.97379002331067 179
135.88940849466945 151.41727991732154 179
129.00898811399838 162.29574088258886 179
126.50713104740306 162.53121931000373 179
111.29127292419541 157.0886579501359 180
110.75392761163697 147.77150802066362 180
99.82584745040849 146.8240712754564 180
99.77184687443592 154.23137054360512 180
108.13283143608534 158.9408157528052 180
109.50568400937685 158.86900767131232 180
21.110533719987345 27.742280207862635 181
20.704606410428724 15.610499732576287 181
27.22125853147753 12.821747389609271 181
31.779478281595317 15.182293366954568 181
32.34208457982315 25.548394662184464 181
24.390480982493017 29.171069244411385 181
32.34208457982315 25.548394662184464 182
37.24035576979891 28.379758739194003 182
43.88870442664525 25.197710482219236 182
45.155982298857765 20.519320526451253 182
34.768377232707294 14.264518545132773 182
31.779478281595317 15.182293366954568 182
24.390480982493017 29.171069244411385 183
27.062168668859712 39.983176878679814 183
28.167353136941074 40.382141822634466 183
37.475456472580944 34.737735385764964 183
37.24035576979891 28.379758739194003 183
32.34208457982315 25.548394662184464 183
21.110533719987345 27.742280207862635 184
18.795049393490658 28.478957189884255 184
14.294426468553482 35.309395151373906 184
15.138040760509796 38.9831327702713 184
24.692178925510504 41.05205618610259 184
27.062168668859712 39.983176878679814 184
24.390480982493017 29.171069244411385 184
84.53627894454472 145.79218771878837 185
83.49277127750373 140.6093221756619 185
81.32704516175365 138.8505348211469 185
77.55613871470315 138.72101180560935 185
70.89179238341963 144.13040203837033 185
70.68694690440172 146.08595624896864 185
70.83912101160762 146.3247745254447 185
80.38214054999064 150.3850739035308 185
89.80084904792996 148.20424133478213 186
97.94029186771168 143.92797433988676 186
99.82584745040849 146.8240712754564 186
99.77184687443592 154.23137054360512 186
95.0635893119859 157.4299750456443 186
89.94174203832786 155.10419967714972 186
84.53627894454472 145.79218771878837 187
83.49277127750373 140.6093221756619 187
94.12082744992266 137.07987867493318 187
98.01055883305078 140.36236540925677 187
97.94029186771168 143.92797433988676 187
89.80084904792996 148.20424133478213 187
132.33111462351354 117.82841852019217 188
137.4077712729012 111.88350955166297 188
137.61596257037303 111.8816943343349 188
147.24588204092447 117.53322453530754 188
146.33547048417677 124.95374525509257 188
143.21781898829238 126.02966851810649 188
133.18493590668407 119.40758036476589 188
131.34101017671406 117.7918798518208 189
123.25363171365613 110.28959502228912 189
126.34165429938177 103.3949618704554 189
128.8264320736344 102.46778302042893 189
135.37165400347516 106.17772350164407 189
137.4077712729012 111.88350955166297 189
132.33111462351354 117.82841852019217 189
106.70202562198533 130.81880282029644 190
102.61844494875113 126.54124060382063 190
92.39785449964116 128.8732709944016 190
92.0678910784032 129.67793973078471 190
94.12082744992266 137.07987867493318 190
98.01055883305078 140.36236540925677 190
104.39968604001716 136.46971694501488 190
113.72601005581923 143.78326753630782 191
110.75392761163697 147.77150802066362 191
99.82584745040849 146.8240712754564 191
97.94029186771168 143.92797433988676 191
98.01055883305078 140.36236540925677 191
104.39968604001716 136.46971694501488 191
115.5137771515965 143.17367167570205 192
123.28299961645881 147.40404548416214 192
121.4727998755095 156.5278288036434 192
111.29127292419541 157.0886579501359 192
110.75392761163697 147.77150802066362 192
113.72601005581923 143.78326753630782 192
93.41066270307341 106.97881524360326 193
101.49980420112557 109.39433180510431 193
102.12398404812323 118.67674163020749 193
93.43807953502564 118.55216109854501 193
91.27411534020167 107.864092438846 193
102.12398404812323 118.67674163020749 194
102.56573129306038 119.05752941392177 194
102.61844494875113 126.54124060382063 194
92.39785449964116 128.8732709944016 194
90.78418039588796 121.79723880445749 194
93.43807953502564 118.55216109854501 194
91.27411534020167 107.864092438846 195
87.11685203563961 106.9665776719034 195
80.20923908110898 118.77360314150627 195
80.65097211001999 119.56273513099612 195
90.78418039588796 121.79723880445749 195
93.43807953502564 118.55216109854501 195
101.49980420112557 109.39433180510431 196
104.81646100860111 107.48818032930689 196
114.59909708988799 112.16343399481332 196
113.63580048421282 117.11537803363942 196
102.56573129306038 119.05752941392177 196
102.12398404812323 118.67674163020749 196
93.41066270307341 106.97881524360326 197
97.52979479574755 98.03844021227661 197
106.10966490673196 98.70084759634003 197
104.81646100860111 107.48818032930689 197
101.49980420112557 109.39433180510431 197
93.41066270307341 106.97881524360326 198
97.52979479574755 98.03844021227661 198
95.4004828440571 94.64383150934944 198
90.4034251823441 93.7070187245109 198
82.43321467801458 101.81612298404883 198
82.4414355557481 101.84649239578619 198
87.11685203563961 106.9665776719034 198
91.27411534020167 107.864092438846 198
120.09493277605456 99.4994844210276 199
119.92393232194483 90.08927981745711 199
116.31464101599245 88.83245154028083 199
108.75420324937924 93.79296701488869 199
107.43641256240461 97.71503728603523 199
115.28407846030565 103.20389835889699 199
119.92393232194483 90.08927981745711 200
124.89460324393549 88.83719672213604 200
127.89007537581357 82.93946289279609 200
121.77634652887063 75.79901672186071 200
117.3809310677455 77.50948943069938 200
115.49725019970317 86.79890924235957 200
116.31464101599245 88.83245154028083 200
108.75420324937924 93.79296701488869 201
102.84787551756979 88.20549801476227 201
105.20501250973753 80.606236430515 201
106.29117805266522 80.06174711189138 201
115.49725019970317 86.79890924235957 201
116.31464101599245 88.83245154028083 201
120.09493277605456 99.4994844210276 202
126.34165429938177 103.3949618704554 202
128.8264320736344 102.46778302042893 202
130.72877501729715 93.76096388906078 202
124.89460324393549 88.83719672213604 202
119.92393232194483 90.08927981745711 202
107.43641256240461 97.71503728603523 203
106.10966490673196 98.70084759634003 203
97.52979479574755 98.03844021227661 203
95.4004828440571 94.64383150934944 203
98.48556689396592 88.88869714379439 203
102.84787551756979 88.20549801476227 203
108.75420324937924 93.79296701488869 203
115.28407846030565 103.20389835889699 204
115.36958397421556 111.35409491715481 204
114.59909708988799 112.16343399481332 204
104.81646100860111 107.48818032930689 204
106.10966490673196 98.70084759634003 204
107.43641256240461 97.71503728603523 204
120.09493277605456 99.4994844210276 205
126.34165429938177 103.3949618704554 205
123.25363171365613 110.28959502228912 205
115.36958397421556 111.35409491715481 205
115.28407846030565 103.20389835889699 205
45.361004576744364 184.21402210301045 206
38.060089369615156 179.60873040209856 206
40.8446090824735 172.52882859599782 206
47.12685699815215 171.85180798547063 206
48.264667662140496 172.55165123750845 206
50.85067585305501 178.85085469058617 206
49.74715031376263 182.14874174121584 206
42.36558624417539 69.23992836662694 207
38.95172305238813 62.091502184241705 207
30.12668889058513 66.09391046362178 207
31.84357759400723 72.29343428837879 207
39.647559362643534 73.3513793778622 207
51.42544808056371 68.46308666559554 208
42.36558624417539 69.23992836662694 208
38.95172305238813 62.091502184241705 208
39.645502578596606 59.75896202068793 208
47.11000063164154 56.86319594950126 208
51.74717433327193 66.81074471747048 208
41.64874400884439 79.39407152020777 209
49.83469407206762 79.19915160620923 209
53.02526319473782 82.96522062453928 209
52.789313139808144 84.98846623845355 209
45.06012521013001 89.82748340719411 209
38.92107049800323 83.94515793953539 209
53.02526319473782 82.96522062453928 210
61.087423092290095 79.75316501401036 210
65.87576443641066 83.24199522124977 210
66.01226503480817 85.29729052415172 210
61.31325857643964 92.34288149906902 210
56.657746050870045 91.57640961830603 210
52.789313139808144 84.98846623845355 210
45.06012521013001 89.82748340719411 211
45.05455607403108 95.1534657475668 211
52.23431603333216 96.26491982481704 211
56.657746050870045 91.57640961830603 211
52.789313139808144 84.98846623845355 211
49.83469407206762 79.19915160620923 212
52.099280937260474 69.62106193113547 212
60.93184844451078 72.75573799094212 212
61.087423092290095 79.75316501401036 212
53.02526319473782 82.96522062453928 212
41.64874400884439 79.39407152020777 213
39.647559362643534 73.3513793778622 213
42.36558624417539 69.23992836662694 213
51.42544808056371 68.46308666559554 213
52.099280937260474 69.62106193113547 213
49.83469407206762 79.19915160620923 213
38.92107049800323 83.94515793953539 214
36.961750164356076 84.6171794713363 214
34.551102182050116 96.29143778424483 214
44.28009749203348 95.91982437610625 214
45.05455607403108 95.1534657475668 214
45.06012521013001 89.82748340719411 214
41.64874400884439 79.39407152020777 215
39.647559362643534 73.3513793778622 215
31.84357759400723 72.29343428837879 215
27.20527065223527 78.6558832046241 215
29.96622997162686 82.69831275608394 215
36.961750164356076 84.6171794713363 215
38.92107049800323 83.94515793953539 215
84.43084805823001 71.42398922563862 216
79.03548879238885 71.51943224103977 216
72.96618261030288 77.47547687900123 216
72.89086511013436 78.29109372781787 216
80.89495894589164 85.5330391873886 216
82.40272591547323 85.02390889882028 216
85.95985945292203 74.34732992168628 216
80.89495894589164 85.5330391873886 217
79.17246667273277 88.2348192689737 217
73.08065828107961 90.3299342815678 217
66.01226503480817 85.29729052415172 217
65.87576443641066 83.24199522124977 217
72.89086511013436 78.29109372781787 217
72.96618261030288 77.47547687900123 218
66.06308469055652 68.86684393712892 218
60.93184844451078 72.75573799094212 218
61.087423092290095 79.75316501401036 218
65.87576443641066 83.24199522124977 218
72.89086511013436 78.29109372781787 218
79.03548879238885 71.51943224103977 219
73.78137135929806 65.25036872547241 219
66.24028612030439 68.29197029315858 219
66.06308469055652 68.86684393712892 219
72.96618261030288 77.47547687900123 219
85.95985945292203 74.34732992168628 220
95.28976402957862 77.1349792557987 220
95.80355766469636 78.34306296843116 220
94.25608225051208 83.23553068131807 220
87.27101419459889 86.793559014339 220
82.40272591547323 85.02390889882028 220
80.89495894589164 85.5330391873886 221
79.17246667273277 88.2348192689737 221
82.14013164885877 101.5238725754939 221
82.43321467801458 101.81612298404883 221
90.4034251823441 93.7070187245109 221
87.27101419459889 86.793559014339 221
82.40272591547323 85.02390889882028 221
84.43084805823001 71.42398922563862 222
84.90325638332858 70.2866064505177 222
82.83391227346736 60.904540192653755 222
77.11066087880208 57.453695142238004 222
76.77745418489967 57.66971112997629 222
73.78137135929806 65.25036872547241 222
79.03548879238885 71.51943224103977 222
84.43084805823001 71.42398922563862 223
84.90325638332858 70.2866064505177 223
93.47714077373304 65.28107207704319 223
98.77544393630332 69.07117248521809 223
95.28976402957862 77.1349792557987 223
85.95985945292203 74.34732992168628 223
64.30527646685087 49.84020391392768 224
55.79195104968153 53.69623578758909 224
59.16511172931753 60.94145718230253 224
63.2817019741298 61.97197340318509 224
67.28497997278166 56.52441429554162 224
64.30527646685087 49.84020391392768 225
64.52409498740145 49.202026784241 225
60.80149029147705 42.297617813841015 225
59.06941940118958 41.83652125615032 225
52.91050445060644 45.92682313660249 225
52.96366386152354 52.696011041214476 225
55.79195104968153 53.69623578758909 225
59.16511172931753 60.94145718230253 226
51.74717433327193 66.81074471747048 226
47.11000063164154 56.86319594950126 226
47.996383809152746 55.13538613419482 226
52.96366386152354 52.696011041214476 226
55.79195104968153 53.69623578758909 226
59.16511172931753 60.94145718230253 227
51.74717433327193 66.81074471747048 227
51.42544808056371 68.46308666559554 227
52.099280937260474 69.62106193113547 227
60.93184844451078 72.75573799094212 227
66.06308469055652 68.86684393712892 227
66.24028612030439 68.29197029315858 227
63.2817019741298 61.97197340318509 227
67.28497997278166 56.52441429554162 228
76.77745418489967 57.66971112997629 228
73.78137135929806 65.25036872547241 228
66.24028612030439 68.29197029315858 228
63.2817019741298 61.97197340318509 228
64.30527646685087 49.84020391392768 229
64.52409498740145 49.202026784241 229
71.7866639178447 46.234853962314034 229
77.61377169561293 55.40541731293436 229
77.11066087880208 57.453695142238004 229
76.77745418489967 57.66971112997629 229
67.28497997278166 56.52441429554162 229
103.84420746306527 185.76618610395082 230
110.45157695959595 174.75336050689535 230
110.26646796637873 174.29700728045503 230
99.27895679527695 171.0445837238288 230
97.31397115305874 173.62817579212867 230
100.64695880143206 185.46392417451946 230
110.45157695959595 174.75336050689535 231
116.42781681570737 179.0188426113739 231
124.67844754370331 176.38432949379407 231
123.95165175214323 166.47748797891987 231
112.98083720760069 168.29834089508506 231
110.26646796637873 174.29700728045503 231
99.27895679527695 171.0445837238288 232
98.7636735463703 168.29323171494022 232
108.13283143608534 158.9408157528052 232
109.50568400937685 158.86900767131232 232
112.98083720760069 168.29834089508506 232
110.26646796637873 174.29700728045503 232
97.31397115305874 173.62817579212867 233
86.87179492924288 177.41671139509018 233
84.5693359336867 175.08704221017845 233
86.66704703115697 165.67487027706727 233
95.05229504924107 164.42668506970747 233
98.7636735463703 168.29323171494022 233
99.27895679527695 171.0445837238288 233
100.64695880143206 185.46392417451946 234
94.51988532029243 188.75494782664072 234
87.04772126949469 180.94502845152408 234
86.87179492924288 177.41671139509018 234
97.31397115305874 173.62817579212867 234
73.62754076038568 160.67911688225553 235
80.78250736460227 153.42099492681618 235
86.3055678553137 156.69907788014 235
84.77295647380858 163.19326879368228 235
76.10468556335978 162.7530018201413 235
80.78250736460227 153.42099492681618 236
80.38214054999064 150.3850739035308 236
84.53627894454472 145.79218771878837 236
89.80084904792996 148.20424133478213 236
89.94174203832786 155.10419967714972 236
86.3055678553137 156.69907788014 236
84.77295647380858 163.19326879368228 237
86.66704703115697 165.67487027706727 237
95.05229504924107 164.42668506970747 237
95.0635893119859 157.4299750456443 237
89.94174203832786 155.10419967714972 237
86.3055678553137 156.69907788014 237
73.62754076038568 160.67911688225553 238
71.73024224205581 160.38687352765186 238
71.10956951956395 159.55904958326343 238
70.83912101160762 146.3247745254447 238
80.38214054999064 150.3850739035308 238
80.78250736460227 153.42099492681618 238
76.10468556335978 162.7530018201413 239
78.10693999150287 174.16429231221997 239
84.5693359336867 175.08704221017845 239
86.66704703115697 165.67487027706727 239
84.77295647380858 163.19326879368228 239
73.62754076038568 160.67911688225553 240
71.73024224205581 160.38687352765186 240
65.48447022523756 169.1787552166941 240
72.76247544757696 176.6394892425656 240
78.10693999150287 174.16429231221997 240
76.10468556335978 162.7530018201413 240
141.05687273859633 138.42769437931682 241
139.72547701530488 133.18301417998666 241
132.36357130353036 130.17335925326523 241
126.38016963543656 133.6801194341961 241
128.62056191148156 139.236638562299 241
138.80800447566992 140.07798276237216 241
138.80800447566992 140.07798276237216 242
135.67208153273492 150.97379002331067 242
125.71475464131 146.30045809124957 242
128.62056191148156 139.236638562299 242
139.72547701530488 133.18301417998666 243
143.21781898829238 126.02966851810649 243
133.18493590668407 119.40758036476589 243
132.36357130353036 130.17335925326523 243
141.05687273859633 138.42769437931682 244
145.74842396982848 139.8178584399252 244
149.36986648911096 138.79735649141293 244
154.29109549002885 131.75088346803435 244
153.8587864985106 128.8329530048036 244
146.33547048417677 124.95374525509257 244
143.21781898829238 126.02966851810649 244
139.72547701530488 133.18301417998666 244
141.05687273859633 138.42769437931682 245
145.74842396982848 139.8178584399252 245
146.16979231897886 149.83206119576067 245
140.85013780185875 153.1810244864625 245
135.88940849466945 151.41727991732154 245
135.67208153273492 150.97379002331067 245
138.80800447566992 140.07798276237216 245
117.845948039822 134.8642193006843 246
110.87726495974015 129.68801400765295 246
115.38516113897681 120.64703868047803 246
122.52155653014374 123.23883288402564 246
123.83018880804907 132.46565854935795 246
117.845948039822 134.8642193006843 247
115.5137771515965 143.17367167570205 247
113.72601005581923 143.78326753630782 247
104.39968604001716 136.46971694501488 247
106.70202562198533 130.81880282029644 247
110.87726495974015 129.68801400765295 247
115.38516113897681 120.64703868047803 248
113.63580048421282 117.11537803363942 248
102.56573129306038 119.05752941392177 248
102.61844494875113 126.54124060382063 248
106.70202562198533 130.81880282029644 248
110.87726495974015 129.68801400765295 248
122.52155653014374 123.23883288402564 249
131.34101017671406 117.7918798518208 249
123.25363171365613 110.28959502228912 249
115.36958397421556 111.35409491715481 249
114.59909708988799 112.16343399481332 249
113.63580048421282 117.11537803363942 249
115.38516113897681 120.64703868047803 249
123.83018880804907 132.46565854935795 250
126.38016963543656 133.6801194341961 250
132.36357130353036 130.17335925326523 250
133.18493590668407 119.40758036476589 250
132.33111462351354 117.82841852019217 250
131.34101017671406 117.7918798518208 250
122.52155653014374 123.23883288402564 250
117.845948039822 134.8642193006843 251
115.5137771515965 143.17367167570205 251
123.28299961645881 147.40404548416214 251
125.71475464131 146.30045809124957 251
128.62056191148156 139.236638562299 251
126.38016963543656 133.6801194341961 251
123.83018880804907 132.46565854935795 251
63.60582409867777 184.6343254547636 252
63.88603841903016 183.5213525554041 252
59.258362419246325 177.46356699978844 252
50.85067585305501 178.85085469058617 252
49.74715031376263 182.14874174121584 252
55.35913715125815 188.90576615784727 252
