169.0185 45.7496
156.3932 38.1676
125.2778 53.1994
155.2506 177.9659
181.0269 43.8246
172.0803 58.3487
166.1687 66.2035
20.8638 131.8609
132.9959 18.7426
124.7728 20.0139
105.4291 27.3445
93.1827 22.0234
118.4755 26.6342
20.7330 105.1956
18.1618 117.3589
31.6838 106.1204
27.2613 114.6104
102.1044 75.0938
109.7242 44.8575
116.9707 35.6284
120.4619 45.4911
103.4143 36.8403
115.2672 55.2934
104.2771 53.8993
23.6736 85.0030
16.0000 95.5783
27.3653 96.4918
54.0511 31.6635
36.9961 42.1508
82.9131 20.9703
77.7720 27.3777
146.7620 20.0246
154.6274 26.0410
138.1921 35.4603
130.1356 41.5952
146.6043 32.1462
129.5209 29.3065
139.5322 24.6525
153.9549 78.4914
142.6035 82.5870
151.5105 90.3066
143.6067 74.3151
173.2194 22.6547
181.9208 25.5723
163.0593 19.2131
165.5391 30.7828
176.2184 33.8600
148.7263 170.3087
154.8615 162.1217
170.6806 176.0175
162.6626 179.2731
162.6145 167.5046
141.2114 105.3907
141.5825 93.4105
148.5465 99.1404
146.1983 112.4054
21.6549 146.1346
20.6140 156.6337
55.7609 173.0047
139.0254 177.8590
66.0175 116.6607
62.0479 130.7848
74.2366 123.5817
78.4172 111.0833
99.3568 160.6644
27.8510 165.8211
34.4301 175.0727
118.4425 72.4681
130.4605 75.7127
111.7813 78.0248
110.8746 65.8796
124.7321 63.6321
55.8759 16.5748
64.1307 26.0499
32.7996 59.5068
32.3836 90.1619
39.0542 101.5443
48.2354 99.4422
58.6639 109.9663
49.1630 108.8835
73.1773 35.9652
40.4280 53.1615
83.0012 36.6028
97.8580 43.5158
91.5492 31.9230
147.1222 57.0535
137.6827 65.8734
134.9250 53.9242
153.1444 67.3004
144.4586 44.7693
156.2160 49.2083
160.8961 57.8009
173.1069 167.8326
179.8170 177.6211
139.7967 166.7858
181.0415 55.0071
162.8687 105.7822
171.8766 100.5474
156.6364 99.2422
153.5571 108.7164
176.9157 66.9843
65.9486 175.8356
22.2400 176.4879
161.0143 117.9614
152.1438 120.9669
160.5899 129.5340
164.0088 145.7103
174.1396 142.2418
171.8218 134.4978
158.1738 138.4068
159.2928 154.8544
170.0948 157.0170
114.4998 16.9401
100.8828 16.0000
17.9273 44.9212
27.9899 46.6691
43.5699 33.5512
50.3641 23.9079
41.2366 129.0616
53.2847 121.8116
44.8351 117.9138
52.2707 135.4157
37.6766 114.8335
29.0117 125.8728
71.0433 135.9412
79.1087 132.9400
66.5216 151.6767
63.8080 163.4715
61.7939 144.3087
147.4078 156.7904
151.0454 146.0739
136.3699 158.6059
99.3196 83.8558
93.1633 89.4537
134.1625 98.8186
132.4364 87.4512
87.0116 135.4255
86.5526 126.1574
42.7514 154.1465
54.9324 154.1689
50.8416 165.6927
40.3615 165.6906
46.6643 143.7651
31.4362 154.8637
32.5242 140.9761
21.1115 57.1111
26.1258 70.8057
17.9558 79.1947
67.2521 93.5884
57.4049 98.5386
65.2744 104.2494
76.1285 94.5686
74.9557 103.6284
98.7832 62.7557
89.1935 62.4502
93.4799 52.6106
87.5368 43.7087
77.9621 46.1876
83.4346 55.0548
47.4268 46.7708
52.3318 40.1701
62.0705 36.1795
67.7399 43.2800
185.1019 153.7722
180.6987 164.1945
176.0224 151.0405
170.8771 83.7267
177.8572 75.5204
165.7715 74.2750
160.2411 84.7545
174.5442 91.7931
163.1194 93.3611
178.3475 117.7468
171.4713 123.3409
169.6088 111.9775
180.6977 107.3839
121.9445 181.6795
117.6182 161.6321
128.7517 169.8626
128.2212 153.9215
106.5469 153.9542
26.2581 21.0127
37.5292 21.5153
31.1130 33.0337
20.7833 34.3886
77.4640 143.8624
95.3907 150.9536
91.3169 142.6627
139.6199 118.5025
130.6962 109.9763
98.6168 132.8319
104.1094 143.1898
116.0068 149.2915
96.3493 112.2932
97.3214 122.2497
87.2456 115.5861
106.5401 113.9826
100.6733 104.1201
90.0012 101.4827
114.6347 95.5222
120.5254 84.4008
109.1517 86.3830
125.1351 96.3416
102.3663 94.2836
110.6025 105.1042
120.0688 105.5484
45.7507 177.3935
36.5870 68.6140
45.2076 63.8712
46.8799 83.3866
59.5373 85.7379
50.3592 91.5621
55.3957 76.8589
46.1702 73.2114
40.8048 90.9591
35.1706 79.2793
79.7973 77.6592
72.9878 85.1547
66.6359 76.7307
71.6173 70.2808
90.1638 80.8131
83.5311 91.8046
79.8390 64.9298
90.4727 71.2575
61.9658 56.5949
58.6238 47.9279
52.4624 57.6905
58.8692 67.2154
69.4732 61.9417
71.3433 53.1900
103.6337 177.4922
116.4595 173.2049
106.4881 166.6238
92.6453 170.7959
93.2801 181.2418
80.3187 159.3491
85.2915 151.6010
89.6339 160.4213
74.7452 155.1260
82.0442 168.1745
72.9694 167.3003
134.4924 135.7965
132.2039 144.1472
137.1230 127.1984
146.7005 132.7241
140.5992 146.2468
118.0920 128.1808
111.5108 136.4663
108.6307 123.9780
119.4437 116.0858
128.8504 124.9408
123.0269 139.5893
57.1179 182.5874
