1 8
2 6
3 5
4 3
5 3
6 5
7 5
8 4
9 3
10 4
11 7
12 4
13 5
14 5
15 4
16 5
17 5
18 7
19 6
20 7
21 5
22 5
23 6
24 6
25 6
26 3
27 6
28 5
29 5
30 3
31 5
32 3
33 5
34 5
35 7
36 6
37 7
38 5
39 6
40 6
41 7
42 5
43 4
44 2
45 3
46 6
47 5
48 6
49 4
50 4
51 3
52 8
53 7
54 6
55 5
56 4
57 4
58 3
59 5
60 3
61 7
62 6
63 7
64 5
65 5
66 5
67 4
68 5
69 7
70 5
71 7
72 7
73 2
74 6
75 6
76 5
77 7
78 5
79 5
80 7
81 6
82 6
83 5
84 6
85 8
86 6
87 6
88 6
89 7
90 7
91 5
92 6
93 5
94 3
95 5
96 4
97 6
98 5
99 5
100 7
101 5
102 4
103 2
104 6
105 6
106 6
107 7
108 3
109 5
110 5
111 6
112 6
113 4
114 3
115 3
116 7
117 7
118 5
119 7
120 7
121 4
122 5
123 7
124 6
125 5
126 5
127 5
128 7
129 7
130 7
131 6
132 5
133 5
134 5
135 5
136 6
137 5
138 6
139 6
140 6
141 6
142 6
143 6
144 6
145 7
146 4
147 6
148 2
149 6
150 7
151 5
152 4
153 7
154 6
155 5
156 6
157 6
158 6
159 6
160 6
161 5
162 6
163 5
164 2
165 5
166 5
167 5
168 3
169 7
170 5
171 3
172 7
173 3
174 5
175 6
176 3
177 2
178 6
179 7
180 7
181 6
182 3
183 4
184 6
185 4
186 8
187 6
188 6
189 7
190 7
191 7
192 6
193 6
194 5
195 6
196 6
197 6
198 5
199 8
200 6
201 7
202 6
203 6
204 7
205 6
206 5
207 5
208 5
209 6
210 6
211 7
212 5
213 5
214 6
215 6
216 7
217 7
218 6
219 6
220 5
221 6
222 7
223 7
224 6
225 5
226 7
227 6
228 8
229 5
230 7
231 4
232 5
233 6
234 6
235 2
236 5
237 6
238 6
239 6
240 4
241 5
242 6
243 4
244 4
245 8
246 7
247 5
248 6
249 6
250 7
251 7
252 7
253 3
