48.444938 169.900487 1699.004870
44.996406 139.439183 1394.391830
41.101311 103.770647 1037.706471
43.229970 110.532110 1105.321104
40.531255 110.800626 1108.006263
39.201725 100.944082 1009.440824
39.330483 93.880576 938.805759
44.179379 130.845198 1308.451977
34.485600 78.569123 785.691232
35.499054 85.502140 855.021399
43.953937 132.525103 1325.251029
42.236132 103.949178 1039.491780
39.833548 101.037022 1010.370219
43.114618 129.859290 1298.592902
45.302314 133.684206 1336.842064
40.770464 107.053065 1070.530650
39.112353 98.085010 980.850103
41.637426 120.148083 1201.480833
39.282945 108.691712 1086.917118
42.477623 121.221003 1212.210032
40.186813 108.010034 1080.100340
40.564391 104.940239 1049.402392
39.022622 104.807159 1048.071586
40.837010 114.028917 1140.289174
39.575786 100.458362 1004.583623
39.352219 103.240871 1032.408707
38.199358 99.055621 990.556205
35.510445 80.787555 807.875551
44.541155 131.837282 1318.372823
43.214021 109.990977 1099.909773
42.733259 114.018592 1140.185917
34.793813 83.283501 832.835008
37.884107 101.149270 1011.492697
37.817845 91.509565 915.095655
43.985086 129.710219 1297.102186
39.177917 105.564224 1055.642239
39.534038 111.363918 1113.639180
34.413921 78.641033 786.410327
40.720867 112.627014 1126.270139
39.710681 100.980003 1009.800031
35.090763 86.184939 861.849388
44.301136 123.868647 1238.686468
37.508760 93.733330 937.333298
36.543610 82.588311 825.883106
37.428737 93.597226 935.972256
44.901396 141.964613 1419.646128
42.082934 120.056061 1200.560611
44.006828 122.901219 1229.012186
42.079574 108.402675 1084.026755
35.474742 78.769486 787.694856
41.378529 104.441839 1044.418390
40.581015 111.323445 1113.234454
38.816778 94.031156 940.311558
33.588178 79.524450 795.244504
34.182613 77.693200 776.932001
38.464852 86.000020 860.000198
40.898186 109.145912 1091.459120
38.459409 99.457176 994.571764
40.324933 105.387852 1053.878516
38.961949 107.011156 1070.111565
44.567196 131.028268 1310.282683
43.419442 130.691189 1306.911886
45.149907 140.147348 1401.473480
48.792765 143.655253 1436.552525
40.882482 105.656083 1056.560833
44.193114 136.053071 1360.530705
38.520937 102.900886 1029.008857
36.110118 84.625430 846.254300
43.177227 128.709248 1287.092482
38.274455 88.755420 887.554201
43.661790 131.911899 1319.118992
42.268342 120.321744 1203.217441
39.863211 97.821899 978.218992
44.102570 133.429664 1334.296638
41.513111 113.830693 1138.306933
38.272837 88.658522 886.585216
40.493900 101.512172 1015.121717
36.664981 83.825372 838.253718
39.584498 92.669130 926.691299
39.417240 97.501330 975.013304
39.673824 102.424305 1024.243049
42.485160 119.678467 1196.784673
36.237430 79.975995 799.759950
37.989659 96.053855 960.538553
40.701102 108.186270 1081.862697
44.062333 134.994280 1349.942798
46.964178 148.832052 1488.320516
44.689594 136.176851 1361.768514
43.194860 121.093228 1210.932283
44.606818 141.014315 1410.143153
43.183826 125.452941 1254.529408
43.740929 126.043298 1260.432981
34.810423 78.886648 788.866482
39.226396 102.969812 1029.698116
39.588610 93.283183 932.831826
41.507498 111.557308 1115.573079
37.312912 85.942393 859.423930
37.242234 88.474845 884.748450
34.827788 79.812029 798.120285
37.567779 96.494374 964.943742
36.450283 85.450258 854.502581
41.487523 115.432713 1154.327128
40.503779 118.391719 1183.917188
39.660545 104.566469 1045.664688
41.216032 114.080952 1140.809523
42.990821 120.864479 1208.644786
42.250039 112.852162 1128.521616
44.113132 116.750272 1167.502718
43.998554 123.216899 1232.168989
43.288952 113.462319 1134.623192
38.535096 93.353079 933.530791
39.984151 101.005534 1010.055341
41.522233 122.941090 1229.410898
46.926535 149.049446 1490.494462
36.966266 84.720633 847.206325
42.120826 116.599654 1165.996536
41.688806 121.343387 1213.433868
39.768402 103.837281 1038.372809
48.351204 167.100226 1671.002260
43.333510 132.023483 1320.234827
41.742284 103.396656 1033.966562
47.453727 138.404659 1384.046586
41.092627 107.253092 1072.530918
43.693120 122.525519 1225.255187
40.762763 109.710235 1097.102355
35.802709 83.934308 839.343079
42.713978 106.269353 1062.693534
42.613238 122.860145 1228.601452
45.654141 136.540121 1365.401208
39.946225 105.509409 1055.094089
38.867368 98.170313 981.703126
43.771378 115.121993 1151.219927
34.233536 77.027567 770.275675
34.103261 78.576894 785.768938
37.361626 93.421910 934.219101
45.217336 137.881218 1378.812182
38.177128 92.495127 924.951273
39.999135 106.339506 1063.395058
47.837563 148.191005 1481.910047
44.053084 132.389651 1323.896507
39.632116 97.373015 973.730148
42.793745 124.864251 1248.642515
49.265372 151.339976 1513.399762
45.593875 143.038158 1430.381575
47.892357 162.322174 1623.221741
42.720507 126.808086 1268.080856
42.629843 124.780050 1247.800500
39.815195 100.822438 1008.224377
37.307357 94.037784 940.377841
37.140365 93.427350 934.273497
39.980323 93.211793 932.117930
40.927375 95.735855 957.358550
45.387412 112.836029 1128.360285
42.179121 124.508296 1245.082963
37.022670 82.379758 823.797583
37.482957 93.739815 937.398152
36.648885 89.771900 897.718999
39.190635 100.809878 1008.098777
40.522490 104.720000 1047.200003
40.658611 107.363856 1073.638555
35.758298 82.758895 827.588950
39.445771 103.777424 1037.774235
37.973614 94.772169 947.721692
43.453858 109.637493 1096.374931
40.834042 112.392784 1123.927836
41.752075 95.080882 950.808824
38.629969 102.298720 1022.987199
37.954360 92.992717 929.927167
42.157429 118.170256 1181.702561
38.194539 93.551702 935.517020
39.523755 103.538988 1035.389876
37.811082 94.659734 946.597341
41.886750 107.334145 1073.341447
38.852539 100.967187 1009.671871
39.328455 103.359093 1033.590930
43.545373 126.246187 1262.461866
39.447344 99.794721 997.947211
46.424993 143.490500 1434.905003
43.798343 133.288263 1332.882632
46.684933 143.613800 1436.137997
41.201523 109.733950 1097.339499
47.056988 151.765686 1517.656857
43.508688 125.936805 1259.368054
43.956055 129.349728 1293.497280
41.469487 115.348058 1153.480577
39.246520 105.552624 1055.526245
38.276275 100.551395 1005.513952
40.126844 106.962219 1069.622191
43.782286 123.120186 1231.201863
43.628118 131.511601 1315.116009
43.621285 132.083450 1320.834502
42.298549 115.848165 1158.481651
44.540217 134.993681 1349.936809
39.649889 99.425922 994.259221
38.686973 99.306049 993.060487
44.310300 123.252431 1232.524306
40.838308 107.296543 1072.965435
39.598525 101.875813 1018.758131
43.835943 132.371950 1323.719496
42.062194 120.312567 1203.125665
41.349488 119.716877 1197.168772
39.944023 101.777789 1017.777895
41.098059 114.984373 1149.843729
37.478832 98.772293 987.722929
40.222100 99.329896 993.298958
37.094456 91.528257 915.282568
39.029305 108.458809 1084.588087
36.848894 91.091982 910.919823
40.113585 105.439098 1054.390983
38.088372 98.222415 982.224145
39.526543 109.513876 1095.138764
35.795869 84.998073 849.980733
39.827995 105.481383 1054.813828
39.757403 106.370711 1063.707112
38.645865 92.928320 929.283202
41.640979 124.662196 1246.621957
41.656938 112.591925 1125.919252
39.763213 103.534724 1035.347236
39.801953 106.095759 1060.957586
36.450742 82.273799 822.737992
40.454188 107.028366 1070.283663
42.965995 111.381719 1113.817195
39.646483 100.634391 1006.343912
39.495478 102.351776 1023.517764
35.660090 84.337570 843.375700
36.819725 91.195982 911.959824
38.902127 99.326893 993.268935
40.116352 109.520975 1095.209750
39.582502 101.185484 1011.854839
38.771118 94.501166 945.011659
43.547661 114.758194 1147.581937
44.134400 129.627951 1296.279506
45.504393 130.029904 1300.299035
43.909053 131.033471 1310.334709
44.700676 127.924280 1279.242801
35.197176 78.330844 783.308437
32.340474 73.678320 736.783197
34.864528 84.865297 848.652966
39.816320 92.349810 923.498102
39.557952 99.058992 990.589919
43.833008 124.196608 1241.966079
39.302410 102.048683 1020.486835
40.197848 98.777682 987.776816
38.732001 88.311975 883.119751
45.334274 148.867509 1488.675091
41.088627 111.090657 1110.906568
42.141919 119.886719 1198.867186
41.479657 114.263134 1142.631342
43.006182 124.838501 1248.385009
47.048670 148.522979 1485.229795
43.027843 117.711514 1177.115138
43.048051 131.595323 1315.953226
38.840688 100.655103 1006.551029
