2.849677419354839003e+01
2.267741935483871174e+01
nan
nan
2.537419354838709751e+01
3.020000000000000284e+01
3.105161290322580925e+01
2.977419354838709609e+01
2.906451612903225623e+01
2.892258064516128968e+01
2.821290322580644983e+01
nan
nan
nan
nan
nan
nan
nan
nan
nan
nan
2.949032258064516299e+01
nan
2.906451612903225623e+01
nan
3.318064516129032171e+01
nan
nan
nan
2.977419354838709609e+01
3.119354838709677580e+01
nan
nan
2.139999999999999858e+01
2.949032258064516299e+01
nan
nan
3.119354838709677580e+01
nan
nan
nan
nan
2.863870967741935658e+01
2.849677419354839003e+01
2.920645161290322278e+01
nan
2.878064516129032313e+01
2.821290322580644983e+01
2.963225806451612954e+01
3.090967741935483559e+01
nan
nan
nan
nan
nan
nan
nan
3.545161290322580783e+01
nan
nan
2.963225806451612954e+01
nan
nan
nan
nan
3.176129032258064200e+01
nan
nan
5.404516129032257510e+01
nan
2.310322580645161139e+01
nan
3.090967741935483559e+01
2.977419354838709609e+01
nan
nan
3.133548387096774235e+01
3.488387096774193452e+01
nan
nan
nan
nan
nan
nan
6.241935483870967261e+01
nan
nan
nan
nan
nan
nan
nan
nan
2.963225806451612954e+01
nan
nan
3.105161290322580925e+01
nan
nan
nan
2.949032258064516299e+01
2.892258064516128968e+01
3.119354838709677580e+01
2.878064516129032313e+01
2.792903225806451672e+01
nan
nan
nan
5.219999999999999574e+01
nan
nan
nan
nan
nan
nan
3.247096774193548185e+01
3.190322580645161565e+01
nan
nan
2.878064516129032313e+01
3.204516129032258220e+01
3.133548387096774235e+01
3.275483870967742206e+01
nan
5.447096774193548896e+01
3.190322580645161565e+01
nan
2.381290322580645125e+01
nan
3.105161290322580925e+01
5.702580645161290107e+01
3.247096774193548185e+01
3.346451612903226192e+01
2.906451612903225623e+01
2.665161290322580356e+01
2.906451612903225623e+01
2.863870967741935658e+01
2.622580645161290391e+01
2.665161290322580356e+01
2.764516129032258362e+01
