5.191612903225806264e+01
5.035483870967741638e+01
nan
nan
5.106451612903226334e+01
6.014838709677419359e+01
7.164516129032259073e+01
4.893548387096773666e+01
4.978709677419355017e+01
5.574838709677418791e+01
4.992903225806451672e+01
nan
nan
nan
nan
nan
nan
nan
nan
nan
nan
6.312903225806451957e+01
nan
5.844516129032258078e+01
nan
6.511612903225807258e+01
nan
nan
nan
6.540000000000000568e+01
5.134838709677419644e+01
nan
nan
4.652258064516129110e+01
4.836774193548387046e+01
nan
nan
6.809677419354838435e+01
nan
nan
nan
nan
6.681935483870967118e+01
6.738709677419353739e+01
8.016129032258064058e+01
nan
5.205806451612902919e+01
6.213548387096773951e+01
6.227741935483870606e+01
6.469032258064515872e+01
nan
nan
nan
nan
nan
nan
nan
7.065161290322581067e+01
nan
nan
5.177419354838709609e+01
nan
nan
nan
nan
6.029032258064516014e+01
nan
nan
7.590322580645161565e+01
nan
6.284516129032258647e+01
nan
6.937419354838709751e+01
6.710322580645160429e+01
nan
nan
6.596774193548387188e+01
8.214838709677420070e+01
nan
nan
nan
nan
nan
nan
7.959354838709677438e+01
nan
nan
nan
nan
nan
nan
nan
nan
5.219999999999999574e+01
nan
nan
6.071612903225805979e+01
nan
nan
nan
6.497419354838709182e+01
6.043225806451612669e+01
6.369677419354838577e+01
6.582580645161289112e+01
6.029032258064516014e+01
nan
nan
nan
8.030322580645162134e+01
nan
nan
nan
nan
nan
nan
4.992903225806451672e+01
6.596774193548387188e+01
nan
nan
5.532258064516128826e+01
7.945161290322579362e+01
6.312903225806451957e+01
7.008387096774194447e+01
nan
7.604516129032256799e+01
7.760645161290321425e+01
nan
5.887096774193548043e+01
nan
5.007096774193548328e+01
7.561935483870968255e+01
6.610967741935485265e+01
6.525806451612902492e+01
6.752903225806451815e+01
7.221290322580645693e+01
5.518064516129032171e+01
7.405806451612903629e+01
6.596774193548387188e+01
6.625161290322580498e+01
6.838064516129031745e+01
