6.710322580645160429e+01
6.767096774193547049e+01
5.404516129032257510e+01
6.128387096774194021e+01
5.901290322580644698e+01
5.503870967741935516e+01
5.305161290322580925e+01
5.276774193548387615e+01
4.893548387096773666e+01
4.936129032258065052e+01
5.319354838709677580e+01
4.822580645161290391e+01
4.850967741935483701e+01
5.078064516129033024e+01
5.191612903225806264e+01
5.361935483870967545e+01
5.617419354838710177e+01
5.219999999999999574e+01
5.560645161290322136e+01
5.276774193548387615e+01
5.276774193548387615e+01
5.347741935483870890e+01
5.319354838709677580e+01
5.376129032258064200e+01
5.730967741935483417e+01
5.589032258064516867e+01
5.816129032258064768e+01
5.418709677419355586e+01
5.432903225806452241e+01
5.418709677419355586e+01
5.177419354838709609e+01
4.964516129032258362e+01
4.808387096774193736e+01
4.950322580645161707e+01
5.163225806451612954e+01
5.092258064516129679e+01
5.021290322580644983e+01
5.305161290322580925e+01
5.106451612903226334e+01
5.177419354838709609e+01
5.333548387096774235e+01
5.234193548387096229e+01
4.907741935483870321e+01
4.808387096774193736e+01
4.808387096774193736e+01
4.765806451612903771e+01
4.950322580645161707e+01
4.737419354838709040e+01
5.063870967741934948e+01
4.950322580645161707e+01
5.333548387096774235e+01
4.964516129032258362e+01
5.589032258064516867e+01
5.290967741935484270e+01
5.219999999999999574e+01
5.404516129032257510e+01
5.730967741935483417e+01
5.163225806451612954e+01
5.546451612903225481e+01
5.404516129032257510e+01
5.787741935483871458e+01
5.674193548387096797e+01
5.730967741935483417e+01
5.574838709677418791e+01
4.978709677419355017e+01
5.404516129032257510e+01
5.063870967741934948e+01
5.276774193548387615e+01
5.049677419354838293e+01
5.319354838709677580e+01
5.418709677419355586e+01
4.680645161290322420e+01
5.617419354838710177e+01
5.404516129032257510e+01
6.752903225806451815e+01
5.432903225806452241e+01
5.503870967741935516e+01
5.645806451612903487e+01
5.546451612903225481e+01
5.560645161290322136e+01
5.929677419354839429e+01
5.489677419354838861e+01
5.347741935483870890e+01
5.503870967741935516e+01
5.461290322580645551e+01
6.412258064516129252e+01
5.674193548387096797e+01
5.773548387096774803e+01
5.872903225806451388e+01
5.631612903225806832e+01
5.361935483870967545e+01
6.071612903225805979e+01
5.929677419354839429e+01
6.128387096774194021e+01
6.497419354838709182e+01
6.511612903225807258e+01
6.327096774193548612e+01
6.752903225806451815e+01
7.235483870967740927e+01
5.049677419354838293e+01
4.581290322580645835e+01
5.149032258064516299e+01
5.191612903225806264e+01
5.191612903225806264e+01
5.432903225806452241e+01
5.347741935483870890e+01
5.361935483870967545e+01
5.674193548387096797e+01
5.574838709677418791e+01
5.574838709677418791e+01
5.475483870967742206e+01
5.290967741935484270e+01
5.730967741935483417e+01
5.503870967741935516e+01
5.745161290322580072e+01
6.114193548387097366e+01
5.276774193548387615e+01
5.844516129032258078e+01
5.901290322580644698e+01
5.560645161290322136e+01
5.645806451612903487e+01
5.858709677419354733e+01
5.617419354838710177e+01
5.943870967741936084e+01
5.745161290322580072e+01
5.092258064516129679e+01
5.631612903225806832e+01
5.872903225806451388e+01
5.745161290322580072e+01
5.972258064516129394e+01
5.688387096774193452e+01
6.327096774193548612e+01
6.057419354838709324e+01
5.730967741935483417e+01
5.603225806451613522e+01
5.447096774193548896e+01
5.844516129032258078e+01
4.992903225806451672e+01
5.901290322580644698e+01
5.333548387096774235e+01
5.887096774193548043e+01
5.248387096774194305e+01
5.021290322580644983e+01
6.199354838709677296e+01
4.765806451612903771e+01
4.808387096774193736e+01
4.808387096774193736e+01
nan
6.639354838709678575e+01
