2.253548387096774519e+01
2.182580645161290533e+01
2.239354838709677153e+01
2.338709677419355160e+01
2.338709677419355160e+01
2.565806451612903061e+01
2.750322580645160997e+01
2.991612903225806264e+01
2.750322580645160997e+01
3.275483870967742206e+01
2.807096774193548328e+01
2.523225806451613096e+01
2.480645161290322420e+01
2.792903225806451672e+01
3.062580645161290249e+01
3.147741935483870890e+01
3.247096774193548185e+01
3.573548387096774093e+01
2.991612903225806264e+01
2.949032258064516299e+01
3.176129032258064200e+01
3.403225806451612812e+01
4.127096774193548612e+01
3.147741935483870890e+01
3.431612903225806832e+01
3.176129032258064200e+01
2.963225806451612954e+01
2.750322580645160997e+01
3.729677419354838719e+01
3.672903225806451388e+01
2.807096774193548328e+01
4.212258064516128542e+01
2.920645161290322278e+01
2.949032258064516299e+01
2.892258064516128968e+01
2.352903225806451815e+01
2.523225806451613096e+01
2.565806451612903061e+01
2.878064516129032313e+01
3.105161290322580925e+01
3.020000000000000284e+01
3.318064516129032171e+01
3.318064516129032171e+01
3.048387096774193594e+01
3.218709677419354875e+01
2.963225806451612954e+01
3.005806451612902919e+01
3.062580645161290249e+01
2.906451612903225623e+01
2.608387096774193736e+01
2.494838709677419075e+01
2.296129032258064484e+01
2.338709677419355160e+01
2.480645161290322420e+01
2.636774193548387046e+01
2.650967741935483701e+01
2.792903225806451672e+01
2.849677419354839003e+01
2.934838709677419644e+01
2.807096774193548328e+01
2.920645161290322278e+01
3.530967741935484128e+01
4.027741935483871316e+01
3.261290322580645551e+01
3.630322580645161423e+01
3.232903225806451530e+01
3.687096774193548754e+01
3.871612903225806690e+01
3.729677419354838719e+01
3.970967741935483986e+01
3.516774193548387473e+01
3.573548387096774093e+01
2.949032258064516299e+01
2.878064516129032313e+01
3.090967741935483559e+01
3.374838709677419502e+01
3.318064516129032171e+01
3.573548387096774093e+01
3.559354838709677438e+01
3.360645161290322847e+01
3.005806451612902919e+01
3.005806451612902919e+01
3.360645161290322847e+01
3.133548387096774235e+01
2.665161290322580356e+01
3.005806451612902919e+01
2.849677419354839003e+01
2.679354838709677722e+01
2.920645161290322278e+01
2.920645161290322278e+01
3.176129032258064200e+01
3.460000000000000142e+01
3.729677419354838719e+01
2.977419354838709609e+01
3.545161290322580783e+01
3.516774193548387473e+01
2.949032258064516299e+01
3.090967741935483559e+01
3.034193548387096939e+01
3.758064516129032029e+01
3.814838709677419359e+01
4.339999999999999858e+01
3.900000000000000000e+01
3.601935483870968113e+01
3.403225806451612812e+01
3.147741935483870890e+01
2.352903225806451815e+01
2.579999999999999716e+01
2.679354838709677722e+01
3.062580645161290249e+01
3.204516129032258220e+01
3.133548387096774235e+01
3.474193548387096797e+01
4.283225806451613238e+01
4.056129032258064626e+01
3.303870967741935516e+01
3.630322580645161423e+01
3.616129032258064768e+01
3.644516129032258078e+01
3.474193548387096797e+01
3.729677419354838719e+01
3.999354838709677296e+01
5.092258064516129679e+01
3.772258064516129394e+01
3.843225806451612669e+01
3.829032258064516014e+01
3.587741935483870748e+01
3.346451612903226192e+01
3.559354838709677438e+01
3.644516129032258078e+01
3.403225806451612812e+01
3.516774193548387473e+01
3.900000000000000000e+01
3.743870967741935374e+01
3.928387096774193310e+01
4.041935483870967971e+01
4.297419354838709893e+01
3.985161290322580641e+01
4.552903225806451104e+01
4.254838709677419928e+01
4.070322580645161281e+01
3.758064516129032029e+01
4.041935483870967971e+01
3.914193548387096655e+01
3.885806451612903345e+01
