6.625161290322580498e+01
6.383870967741935232e+01
6.284516129032258647e+01
6.440645161290322562e+01
5.219999999999999574e+01
5.773548387096774803e+01
6.128387096774194021e+01
6.170967741935483986e+01
6.114193548387097366e+01
7.306451612903225623e+01
6.043225806451612669e+01
5.248387096774194305e+01
6.355483870967741922e+01
5.078064516129033024e+01
4.964516129032258362e+01
5.106451612903226334e+01
5.716774193548386762e+01
6.809677419354838435e+01
5.943870967741936084e+01
6.156774193548387331e+01
6.100000000000000711e+01
7.022580645161289681e+01
6.724516129032258505e+01
5.163225806451612954e+01
5.901290322580644698e+01
5.305161290322580925e+01
4.907741935483870321e+01
5.163225806451612954e+01
7.334838709677418933e+01
6.142580645161290676e+01
4.936129032258065052e+01
7.178709677419354307e+01
4.751612903225807116e+01
5.177419354838709609e+01
5.745161290322580072e+01
4.978709677419355017e+01
6.128387096774194021e+01
5.063870967741934948e+01
4.765806451612903771e+01
5.305161290322580925e+01
5.078064516129033024e+01
5.660000000000000142e+01
5.418709677419355586e+01
5.404516129032257510e+01
5.447096774193548896e+01
5.461290322580645551e+01
5.347741935483870890e+01
5.361935483870967545e+01
5.305161290322580925e+01
6.014838709677419359e+01
5.361935483870967545e+01
6.469032258064515872e+01
6.114193548387097366e+01
5.674193548387096797e+01
6.071612903225805979e+01
5.958064516129032739e+01
4.709032258064515730e+01
4.950322580645161707e+01
4.921935483870968397e+01
6.043225806451612669e+01
7.036774193548387757e+01
5.816129032258064768e+01
6.752903225806451815e+01
5.773548387096774803e+01
6.880645161290323131e+01
5.205806451612902919e+01
6.497419354838709182e+01
7.065161290322581067e+01
6.852258064516129821e+01
6.483225806451613948e+01
5.745161290322580072e+01
6.298709677419355302e+01
5.049677419354838293e+01
6.071612903225805979e+01
5.219999999999999574e+01
6.057419354838709324e+01
6.270322580645161992e+01
5.589032258064516867e+01
6.029032258064516014e+01
7.320645161290323699e+01
7.079354838709676301e+01
6.071612903225805979e+01
6.752903225806451815e+01
5.376129032258064200e+01
6.029032258064516014e+01
5.518064516129032171e+01
5.347741935483870890e+01
4.780000000000000426e+01
5.092258064516129679e+01
4.836774193548387046e+01
5.532258064516128826e+01
5.801935483870968113e+01
6.710322580645160429e+01
6.738709677419353739e+01
6.454838709677420638e+01
5.702580645161290107e+01
4.865161290322580356e+01
5.262580645161290960e+01
6.128387096774194021e+01
5.830322580645161423e+01
6.852258064516129821e+01
6.838064516129031745e+01
6.156774193548387331e+01
6.000645161290322704e+01
5.858709677419354733e+01
5.163225806451612954e+01
5.915483870967741353e+01
4.907741935483870321e+01
6.000645161290322704e+01
5.134838709677419644e+01
5.617419354838710177e+01
5.376129032258064200e+01
6.398064516129031887e+01
8.654838709677420638e+01
8.044516129032257368e+01
6.312903225806451957e+01
6.156774193548387331e+01
7.221290322580645693e+01
5.872903225806451388e+01
5.631612903225806832e+01
7.902580645161290818e+01
6.043225806451612669e+01
7.505161290322581635e+01
6.923225806451611675e+01
7.476774193548388325e+01
6.710322580645160429e+01
5.730967741935483417e+01
6.241935483870967261e+01
5.674193548387096797e+01
6.000645161290322704e+01
5.376129032258064200e+01
5.546451612903225481e+01
6.511612903225807258e+01
6.227741935483870606e+01
5.887096774193548043e+01
6.256129032258063916e+01
6.653548387096773808e+01
6.724516129032258505e+01
6.483225806451613948e+01
7.675483870967741495e+01
7.419999999999998863e+01
6.114193548387097366e+01
6.085806451612902634e+01
7.178709677419354307e+01
6.454838709677420638e+01
