6.540000000000000568e+01
6.653548387096773808e+01
6.681935483870967118e+01
6.582580645161289112e+01
6.639354838709678575e+01
6.525806451612902492e+01
5.901290322580644698e+01
5.688387096774193452e+01
6.043225806451612669e+01
5.617419354838710177e+01
5.219999999999999574e+01
5.007096774193548328e+01
4.780000000000000426e+01
4.950322580645161707e+01
5.035483870967741638e+01
5.702580645161290107e+01
6.639354838709678575e+01
6.866451612903225055e+01
5.134838709677419644e+01
5.021290322580644983e+01
5.660000000000000142e+01
5.191612903225806264e+01
7.292258064516130389e+01
5.177419354838709609e+01
5.276774193548387615e+01
5.163225806451612954e+01
5.404516129032257510e+01
4.936129032258065052e+01
5.475483870967742206e+01
5.518064516129032171e+01
6.653548387096773808e+01
5.858709677419354733e+01
5.660000000000000142e+01
6.994193548387096371e+01
5.489677419354838861e+01
5.844516129032258078e+01
5.276774193548387615e+01
7.363225806451612243e+01
6.369677419354838577e+01
5.943870967741936084e+01
5.631612903225806832e+01
5.418709677419355586e+01
5.262580645161290960e+01
5.532258064516128826e+01
5.134838709677419644e+01
5.276774193548387615e+01
5.645806451612903487e+01
7.079354838709676301e+01
5.418709677419355586e+01
6.369677419354838577e+01
6.752903225806451815e+01
5.674193548387096797e+01
6.256129032258063916e+01
4.879354838709677011e+01
5.120645161290322989e+01
6.440645161290322562e+01
5.432903225806452241e+01
4.808387096774193736e+01
5.205806451612902919e+01
6.398064516129031887e+01
4.751612903225807116e+01
4.978709677419355017e+01
4.609677419354839145e+01
7.107741935483872453e+01
5.106451612903226334e+01
5.390322580645160855e+01
5.106451612903226334e+01
7.377419354838710319e+01
7.845806451612904198e+01
6.014838709677419359e+01
5.191612903225806264e+01
5.007096774193548328e+01
5.035483870967741638e+01
4.808387096774193736e+01
5.205806451612902919e+01
5.773548387096774803e+01
4.794193548387097081e+01
4.850967741935483701e+01
6.142580645161290676e+01
4.879354838709677011e+01
5.333548387096774235e+01
4.709032258064515730e+01
4.552903225806451104e+01
4.595483870967742490e+01
5.177419354838709609e+01
4.694838709677419075e+01
5.092258064516129679e+01
4.850967741935483701e+01
5.546451612903225481e+01
6.469032258064515872e+01
5.532258064516128826e+01
4.992903225806451672e+01
5.021290322580644983e+01
4.723225806451612385e+01
5.844516129032258078e+01
5.404516129032257510e+01
5.958064516129032739e+01
5.390322580645160855e+01
5.475483870967742206e+01
4.836774193548387046e+01
6.000645161290322704e+01
4.936129032258065052e+01
4.978709677419355017e+01
6.454838709677420638e+01
5.035483870967741638e+01
5.418709677419355586e+01
4.638064516129032455e+01
5.603225806451613522e+01
4.538709677419354449e+01
4.709032258064515730e+01
4.907741935483870321e+01
5.007096774193548328e+01
4.978709677419355017e+01
5.305161290322580925e+01
5.276774193548387615e+01
6.142580645161290676e+01
6.383870967741935232e+01
5.149032258064516299e+01
4.694838709677419075e+01
5.418709677419355586e+01
5.319354838709677580e+01
6.071612903225805979e+01
4.666451612903225765e+01
4.865161290322580356e+01
4.907741935483870321e+01
4.709032258064515730e+01
4.723225806451612385e+01
5.290967741935484270e+01
5.660000000000000142e+01
5.688387096774193452e+01
5.376129032258064200e+01
6.185161290322580641e+01
5.645806451612903487e+01
6.213548387096773951e+01
5.503870967741935516e+01
5.489677419354838861e+01
5.461290322580645551e+01
6.511612903225807258e+01
6.610967741935485265e+01
5.603225806451613522e+01
6.625161290322580498e+01
6.951612903225807827e+01
5.532258064516128826e+01
5.816129032258064768e+01
7.306451612903225623e+01
7.079354838709676301e+01
7.107741935483872453e+01
6.270322580645161992e+01
nan
4.992903225806451672e+01
4.907741935483870321e+01
6.057419354838709324e+01
5.943870967741936084e+01
6.185161290322580641e+01
5.205806451612902919e+01
5.049677419354838293e+01
5.730967741935483417e+01
5.376129032258064200e+01
4.879354838709677011e+01
7.292258064516130389e+01
6.241935483870967261e+01
5.943870967741936084e+01
6.639354838709678575e+01
7.263870967741934237e+01
5.858709677419354733e+01
5.730967741935483417e+01
6.909032258064516441e+01
6.469032258064515872e+01
