2.622580645161290391e+01
2.533870967741935942e+01
2.800000000000000000e+01
2.870967741935483986e+01
2.888709677419355160e+01
3.066129032258064768e+01
2.941935483870967971e+01
2.924193548387096797e+01
3.172580645161290391e+01
3.722580645161290391e+01
3.669354838709677580e+01
3.740322580645161565e+01
3.722580645161290391e+01
3.775806451612903203e+01
3.793548387096774377e+01
3.704838709677419928e+01
3.793548387096774377e+01
3.722580645161290391e+01
3.758064516129032739e+01
3.775806451612903203e+01
4.148387096774194305e+01
6.206451612903226334e+01
3.722580645161290391e+01
4.077419354838710319e+01
3.988709677419355160e+01
4.006451612903226334e+01
3.829032258064516725e+01
3.598387096774193594e+01
3.474193548387096797e+01
3.279032258064516725e+01
3.456451612903226334e+01
3.438709677419355160e+01
3.119354838709677580e+01
3.119354838709677580e+01
3.101612903225806406e+01
2.817741935483871174e+01
2.800000000000000000e+01
2.764516129032258362e+01
2.498387096774193594e+01
2.782258064516129537e+01
2.746774193548387188e+01
2.870967741935483986e+01
2.729032258064516014e+01
3.030645161290323131e+01
3.066129032258064768e+01
3.119354838709677580e+01
2.782258064516129537e+01
3.350000000000000000e+01
3.598387096774193594e+01
3.740322580645161565e+01
3.882258064516129537e+01
3.758064516129032739e+01
3.758064516129032739e+01
3.633870967741935942e+01
3.545161290322580783e+01
3.208064516129032739e+01
3.314516129032258362e+01
3.704838709677419928e+01
3.527419354838709609e+01
3.687096774193548754e+01
3.456451612903226334e+01
3.119354838709677580e+01
2.941935483870967971e+01
3.137096774193548754e+01
3.474193548387096797e+01
3.775806451612903203e+01
3.988709677419355160e+01
3.722580645161290391e+01
3.864516129032258362e+01
3.775806451612903203e+01
4.077419354838710319e+01
3.775806451612903203e+01
3.545161290322580783e+01
3.651612903225806406e+01
3.491935483870967971e+01
3.367741935483871174e+01
3.279032258064516725e+01
3.474193548387096797e+01
3.048387096774193594e+01
3.491935483870967971e+01
3.651612903225806406e+01
3.474193548387096797e+01
3.456451612903226334e+01
3.669354838709677580e+01
3.882258064516129537e+01
3.261290322580645551e+01
3.083870967741935942e+01
2.995161290322580783e+01
2.870967741935483986e+01
2.924193548387096797e+01
2.675806451612903203e+01
2.640322580645161565e+01
2.764516129032258362e+01
2.941935483870967971e+01
3.083870967741935942e+01
3.474193548387096797e+01
3.066129032258064768e+01
3.119354838709677580e+01
2.853225806451612812e+01
1.256451612903225623e+01
2.604838709677419928e+01
2.604838709677419928e+01
2.604838709677419928e+01
2.498387096774193594e+01
2.835483870967742348e+01
2.764516129032258362e+01
2.764516129032258362e+01
2.888709677419355160e+01
3.119354838709677580e+01
3.172580645161290391e+01
3.509677419354839145e+01
3.243548387096774377e+01
3.704838709677419928e+01
3.616129032258064768e+01
3.491935483870967971e+01
3.616129032258064768e+01
3.651612903225806406e+01
3.172580645161290391e+01
3.172580645161290391e+01
2.995161290322580783e+01
3.101612903225806406e+01
3.172580645161290391e+01
3.385483870967742348e+01
3.208064516129032739e+01
3.101612903225806406e+01
3.119354838709677580e+01
2.888709677419355160e+01
2.729032258064516014e+01
2.516129032258064768e+01
2.516129032258064768e+01
2.835483870967742348e+01
2.870967741935483986e+01
2.924193548387096797e+01
3.066129032258064768e+01
2.835483870967742348e+01
2.729032258064516014e+01
2.764516129032258362e+01
3.190322580645161565e+01
3.048387096774193594e+01
3.225806451612903203e+01
3.420967741935483986e+01
3.083870967741935942e+01
4.095161290322580783e+01
3.740322580645161565e+01
4.254838709677419928e+01
3.687096774193548754e+01
4.183870967741935232e+01
3.758064516129032739e+01
3.704838709677419928e+01
3.030645161290323131e+01
4.237096774193548043e+01
3.953225806451613522e+01
4.112903225806451957e+01
3.403225806451613522e+01
3.154838709677419928e+01
3.012903225806451957e+01
3.137096774193548754e+01
2.888709677419355160e+01
2.445161290322580783e+01
3.030645161290323131e+01
3.740322580645161565e+01
3.917741935483871174e+01
