7.430645161290323131e+01
7.004838709677420638e+01
7.093548387096774377e+01
7.022580645161289681e+01
4.893548387096775087e+01
5.141935483870968682e+01
5.035483870967741638e+01
5.266129032258064768e+01
6.809677419354838435e+01
6.508064516129033450e+01
5.709677419354839145e+01
6.011290322580645551e+01
5.798387096774194305e+01
5.691935483870968682e+01
5.620967741935483986e+01
6.312903225806451957e+01
5.993548387096775087e+01
6.845161290322582204e+01
6.259677419354839145e+01
7.217741935483871885e+01
6.224193548387096797e+01
8.193548387096774377e+01
7.466129032258064058e+01
7.643548387096774377e+01
5.975806451612903203e+01
6.508064516129033450e+01
7.146774193548387188e+01
5.532258064516128826e+01
5.532258064516128826e+01
5.798387096774194305e+01
5.603225806451613522e+01
5.390322580645162276e+01
5.106451612903226334e+01
5.212903225806451957e+01
4.946774193548387899e+01
4.733870967741935232e+01
4.769354838709677580e+01
6.312903225806451957e+01
6.880645161290323131e+01
6.987096774193548754e+01
6.845161290322582204e+01
6.206451612903226334e+01
5.088709677419355870e+01
5.177419354838709609e+01
5.141935483870968682e+01
5.195161290322581493e+01
6.259677419354839145e+01
5.159677419354839145e+01
5.620967741935483986e+01
5.780645161290322420e+01
6.046774193548387899e+01
5.709677419354839145e+01
6.898387096774195015e+01
5.620967741935483986e+01
5.514516129032258362e+01
5.035483870967741638e+01
5.496774193548387899e+01
6.117741935483871174e+01
5.798387096774194305e+01
5.762903225806451957e+01
5.496774193548387899e+01
5.159677419354839145e+01
6.703225806451612812e+01
6.472580645161289681e+01
5.887096774193549464e+01
5.780645161290322420e+01
7.022580645161289681e+01
5.674193548387096797e+01
6.046774193548387899e+01
6.064516129032258362e+01
7.075806451612902492e+01
6.330645161290322420e+01
5.691935483870968682e+01
5.656451612903226334e+01
5.461290322580645551e+01
7.058064516129033450e+01
6.490322580645161565e+01
5.833870967741935232e+01
6.401612903225807827e+01
5.408064516129032739e+01
5.656451612903226334e+01
5.550000000000000711e+01
5.461290322580645551e+01
6.632258064516128115e+01
6.295161290322581493e+01
5.887096774193549464e+01
5.603225806451613522e+01
5.283870967741935232e+01
5.443548387096775087e+01
6.490322580645161565e+01
6.827419354838710319e+01
5.354838709677419928e+01
5.106451612903226334e+01
5.550000000000000711e+01
5.567741935483871174e+01
5.869354838709677580e+01
6.330645161290322420e+01
5.443548387096775087e+01
5.195161290322581493e+01
6.011290322580645551e+01
4.929032258064516014e+01
6.880645161290323131e+01
6.259677419354839145e+01
4.804838709677419928e+01
4.946774193548387899e+01
5.141935483870968682e+01
6.543548387096774377e+01
5.177419354838709609e+01
5.319354838709677580e+01
5.620967741935483986e+01
5.567741935483871174e+01
5.266129032258064768e+01
7.164516129032259073e+01
5.993548387096775087e+01
5.603225806451613522e+01
5.727419354838709609e+01
6.330645161290322420e+01
5.425806451612903203e+01
5.301612903225807116e+01
5.372580645161290391e+01
5.390322580645162276e+01
5.337096774193548043e+01
5.443548387096775087e+01
5.816129032258064768e+01
4.840322580645162276e+01
4.964516129032258362e+01
4.858064516129032739e+01
5.354838709677419928e+01
7.111290322580646261e+01
7.306451612903225623e+01
5.000000000000000711e+01
4.911290322580645551e+01
5.958064516129032739e+01
5.283870967741935232e+01
6.561290322580646261e+01
7.164516129032259073e+01
6.454838709677420638e+01
5.461290322580645551e+01
5.035483870967741638e+01
5.283870967741935232e+01
5.301612903225807116e+01
5.461290322580645551e+01
7.608064516129033450e+01
7.519354838709676869e+01
7.466129032258064058e+01
5.762903225806451957e+01
7.200000000000000000e+01
5.727419354838709609e+01
5.780645161290322420e+01
6.241935483870968682e+01
7.040322580645161565e+01
6.525806451612902492e+01
6.206451612903226334e+01
5.851612903225807116e+01
5.266129032258064768e+01
6.188709677419355870e+01
5.656451612903226334e+01
6.295161290322581493e+01
6.579032258064515304e+01
5.195161290322581493e+01
6.401612903225807827e+01
6.827419354838710319e+01
