1.600645161290322704e+01
1.770967741935483986e+01
1.714193548387096655e+01
1.756774193548387331e+01
1.728387096774193310e+01
1.600645161290322704e+01
1.614838709677419359e+01
1.671612903225806690e+01
1.614838709677419359e+01
1.643225806451612669e+01
1.728387096774193310e+01
1.770967741935483986e+01
1.799354838709677296e+01
2.139999999999999858e+01
1.983870967741935232e+01
1.927096774193548612e+01
1.785161290322580641e+01
1.799354838709677296e+01
1.827741935483871316e+01
1.813548387096773951e+01
1.955483870967741922e+01
1.714193548387096655e+01
1.912903225806451957e+01
1.685806451612903345e+01
1.785161290322580641e+01
1.770967741935483986e+01
1.912903225806451957e+01
2.040645161290322562e+01
2.139999999999999858e+01
1.927096774193548612e+01
1.827741935483871316e+01
1.898709677419354591e+01
1.884516129032257936e+01
1.671612903225806690e+01
1.813548387096773951e+01
1.586451612903226049e+01
1.927096774193548612e+01
1.742580645161290676e+01
1.671612903225806690e+01
1.728387096774193310e+01
2.622580645161290391e+01
2.494838709677419075e+01
2.097419354838709893e+01
2.267741935483871174e+01
2.097419354838709893e+01
1.756774193548387331e+01
1.856129032258064626e+01
1.671612903225806690e+01
1.728387096774193310e+01
1.770967741935483986e+01
3.587741935483870748e+01
1.827741935483871316e+01
2.054838709677419217e+01
1.770967741935483986e+01
1.884516129032257936e+01
1.813548387096773951e+01
1.785161290322580641e+01
1.728387096774193310e+01
2.012258064516129252e+01
1.685806451612903345e+01
1.770967741935483986e+01
1.657419354838710035e+01
1.600645161290322704e+01
1.813548387096773951e+01
1.898709677419354591e+01
1.472903225806451388e+01
1.643225806451612669e+01
1.614838709677419359e+01
1.600645161290322704e+01
nan
1.671612903225806690e+01
1.742580645161290676e+01
1.770967741935483986e+01
1.586451612903226049e+01
1.685806451612903345e+01
1.813548387096773951e+01
1.728387096774193310e+01
1.799354838709677296e+01
1.643225806451612669e+01
1.685806451612903345e+01
1.714193548387096655e+01
1.813548387096773951e+01
1.629032258064516014e+01
1.643225806451612669e+01
2.083225806451613238e+01
1.756774193548387331e+01
1.700000000000000000e+01
1.714193548387096655e+01
1.714193548387096655e+01
1.742580645161290676e+01
1.685806451612903345e+01
2.721935483870967687e+01
1.870322580645161281e+01
1.770967741935483986e+01
1.827741935483871316e+01
1.714193548387096655e+01
1.643225806451612669e+01
1.657419354838710035e+01
1.629032258064516014e+01
1.643225806451612669e+01
1.558064516129032029e+01
1.586451612903226049e+01
1.629032258064516014e+01
1.643225806451612669e+01
1.600645161290322704e+01
1.614838709677419359e+01
1.841935483870967971e+01
