7.533548387096774945e+01
5.276774193548387615e+01
4.382580645161289823e+01
6.610967741935485265e+01
7.377419354838710319e+01
6.185161290322580641e+01
6.000645161290322704e+01
7.022580645161289681e+01
7.377419354838710319e+01
7.121935483870967687e+01
4.638064516129032455e+01
4.240645161290323273e+01
4.283225806451613238e+01
4.439354838709677864e+01
4.552903225806451104e+01
4.439354838709677864e+01
4.041935483870967971e+01
4.070322580645161281e+01
4.112903225806451957e+01
4.070322580645161281e+01
5.191612903225806264e+01
4.638064516129032455e+01
4.496129032258064484e+01
4.112903225806451957e+01
4.070322580645161281e+01
4.198064516129031887e+01
3.843225806451612669e+01
4.581290322580645835e+01
4.780000000000000426e+01
4.496129032258064484e+01
3.956774193548387331e+01
4.013548387096773951e+01
4.127096774193548612e+01
3.616129032258064768e+01
4.013548387096773951e+01
3.687096774193548754e+01
3.999354838709677296e+01
5.248387096774194305e+01
5.035483870967741638e+01
4.822580645161290391e+01
4.765806451612903771e+01
4.425161290322581209e+01
4.240645161290323273e+01
4.567096774193547759e+01
5.503870967741935516e+01
5.262580645161290960e+01
4.879354838709677011e+01
5.503870967741935516e+01
4.368387096774193168e+01
4.396774193548386478e+01
4.027741935483871316e+01
5.063870967741934948e+01
4.425161290322581209e+01
4.396774193548386478e+01
4.410967741935484554e+01
4.141290322580645267e+01
4.325806451612903203e+01
4.595483870967742490e+01
4.780000000000000426e+01
4.141290322580645267e+01
4.169677419354838577e+01
3.999354838709677296e+01
3.601935483870968113e+01
3.814838709677419359e+01
3.999354838709677296e+01
3.857419354838710035e+01
3.800645161290322704e+01
3.701290322580645409e+01
3.814838709677419359e+01
3.573548387096774093e+01
3.658709677419354733e+01
3.658709677419354733e+01
3.701290322580645409e+01
3.729677419354838719e+01
3.672903225806451388e+01
3.786451612903226049e+01
3.772258064516129394e+01
3.928387096774193310e+01
3.786451612903226049e+01
3.729677419354838719e+01
3.729677419354838719e+01
3.871612903225806690e+01
3.885806451612903345e+01
3.914193548387096655e+01
3.871612903225806690e+01
3.857419354838710035e+01
3.786451612903226049e+01
3.829032258064516014e+01
3.559354838709677438e+01
3.786451612903226049e+01
3.786451612903226049e+01
5.234193548387096229e+01
5.177419354838709609e+01
5.943870967741936084e+01
5.007096774193548328e+01
5.574838709677418791e+01
4.765806451612903771e+01
5.262580645161290960e+01
4.992903225806451672e+01
3.658709677419354733e+01
3.715483870967742064e+01
3.644516129032258078e+01
3.701290322580645409e+01
3.772258064516129394e+01
3.687096774193548754e+01
3.814838709677419359e+01
4.254838709677419928e+01
