1.671612903225806690e+01
1.870322580645161281e+01
2.054838709677419217e+01
2.054838709677419217e+01
2.054838709677419217e+01
2.069032258064515872e+01
1.941290322580645267e+01
1.941290322580645267e+01
2.026451612903225907e+01
2.012258064516129252e+01
1.969677419354838577e+01
2.054838709677419217e+01
1.714193548387096655e+01
1.856129032258064626e+01
1.983870967741935232e+01
2.083225806451613238e+01
2.168387096774193878e+01
2.168387096774193878e+01
2.409677419354838435e+01
2.253548387096774519e+01
2.168387096774193878e+01
2.239354838709677153e+01
2.154193548387096513e+01
2.168387096774193878e+01
2.253548387096774519e+01
2.225161290322580498e+01
2.381290322580645125e+01
2.381290322580645125e+01
2.253548387096774519e+01
2.949032258064516299e+01
2.537419354838709751e+01
3.289677419354838861e+01
2.778709677419355017e+01
3.488387096774193452e+01
3.020000000000000284e+01
2.736129032258064342e+01
2.764516129032258362e+01
2.579999999999999716e+01
2.409677419354838435e+01
2.168387096774193878e+01
2.040645161290322562e+01
2.736129032258064342e+01
3.048387096774193594e+01
2.934838709677419644e+01
2.636774193548387046e+01
2.281935483870967829e+01
2.168387096774193878e+01
1.983870967741935232e+01
1.912903225806451957e+01
1.983870967741935232e+01
1.955483870967741922e+01
1.898709677419354591e+01
1.643225806451612669e+01
1.529677419354838719e+01
1.657419354838710035e+01
1.927096774193548612e+01
2.026451612903225907e+01
2.168387096774193878e+01
2.210967741935483843e+01
2.509032258064516441e+01
2.579999999999999716e+01
2.579999999999999716e+01
2.636774193548387046e+01
2.906451612903225623e+01
2.310322580645161139e+01
2.154193548387096513e+01
2.324516129032257794e+01
2.267741935483871174e+01
2.352903225806451815e+01
2.381290322580645125e+01
2.565806451612903061e+01
2.409677419354838435e+01
2.579999999999999716e+01
2.778709677419355017e+01
2.466451612903225765e+01
2.764516129032258362e+01
3.190322580645161565e+01
2.778709677419355017e+01
2.679354838709677722e+01
2.721935483870967687e+01
2.579999999999999716e+01
2.991612903225806264e+01
3.303870967741935516e+01
3.275483870967742206e+01
2.991612903225806264e+01
2.721935483870967687e+01
2.253548387096774519e+01
2.480645161290322420e+01
2.296129032258064484e+01
2.154193548387096513e+01
2.139999999999999858e+01
2.012258064516129252e+01
2.012258064516129252e+01
2.125806451612903203e+01
2.324516129032257794e+01
2.324516129032257794e+01
2.466451612903225765e+01
2.225161290322580498e+01
2.139999999999999858e+01
2.139999999999999858e+01
2.196774193548387188e+01
2.111612903225806548e+01
2.154193548387096513e+01
2.395483870967741780e+01
2.225161290322580498e+01
2.097419354838709893e+01
2.154193548387096513e+01
2.125806451612903203e+01
1.898709677419354591e+01
2.026451612903225907e+01
2.182580645161290533e+01
3.460000000000000142e+01
2.721935483870967687e+01
2.423870967741935800e+01
2.210967741935483843e+01
2.097419354838709893e+01
2.139999999999999858e+01
2.069032258064515872e+01
2.054838709677419217e+01
1.969677419354838577e+01
1.841935483870967971e+01
1.941290322580645267e+01
1.770967741935483986e+01
1.558064516129032029e+01
1.827741935483871316e+01
2.083225806451613238e+01
2.012258064516129252e+01
2.154193548387096513e+01
1.998064516129032597e+01
1.983870967741935232e+01
2.281935483870967829e+01
2.367096774193548470e+01
2.210967741935483843e+01
2.196774193548387188e+01
1.998064516129032597e+01
1.799354838709677296e+01
1.657419354838710035e+01
2.296129032258064484e+01
2.409677419354838435e+01
2.565806451612903061e+01
2.650967741935483701e+01
2.083225806451613238e+01
2.097419354838709893e+01
2.225161290322580498e+01
2.125806451612903203e+01
2.296129032258064484e+01
2.551612903225806406e+01
3.218709677419354875e+01
3.332258064516128826e+01
2.963225806451612954e+01
2.778709677419355017e+01
3.062580645161290249e+01
3.672903225806451388e+01
