7.292258064516130389e+01
6.554193548387095802e+01
6.270322580645161992e+01
4.978709677419355017e+01
4.850967741935483701e+01
4.794193548387097081e+01
4.283225806451613238e+01
5.092258064516129679e+01
5.049677419354838293e+01
5.745161290322580072e+01
7.136129032258065763e+01
6.951612903225807827e+01
7.334838709677418933e+01
7.065161290322581067e+01
6.383870967741935232e+01
4.638064516129032455e+01
4.865161290322580356e+01
4.694838709677419075e+01
4.893548387096773666e+01
4.879354838709677011e+01
4.609677419354839145e+01
5.787741935483871458e+01
4.893548387096773666e+01
4.652258064516129110e+01
4.765806451612903771e+01
4.822580645161290391e+01
4.992903225806451672e+01
4.808387096774193736e+01
6.100000000000000711e+01
6.610967741935485265e+01
4.907741935483870321e+01
6.227741935483870606e+01
6.866451612903225055e+01
6.823870967741936511e+01
6.880645161290323131e+01
4.737419354838709040e+01
6.625161290322580498e+01
5.106451612903226334e+01
5.518064516129032171e+01
5.361935483870967545e+01
4.254838709677419928e+01
4.850967741935483701e+01
6.114193548387097366e+01
6.951612903225807827e+01
5.177419354838709609e+01
5.447096774193548896e+01
5.858709677419354733e+01
6.057419354838709324e+01
6.114193548387097366e+01
5.972258064516129394e+01
5.844516129032258078e+01
6.838064516129031745e+01
7.263870967741934237e+01
7.604516129032256799e+01
7.008387096774194447e+01
5.688387096774193452e+01
4.623870967741935800e+01
4.723225806451612385e+01
5.305161290322580925e+01
5.617419354838710177e+01
5.645806451612903487e+01
5.035483870967741638e+01
4.879354838709677011e+01
5.503870967741935516e+01
6.199354838709677296e+01
4.638064516129032455e+01
4.865161290322580356e+01
4.737419354838709040e+01
4.609677419354839145e+01
4.396774193548386478e+01
4.737419354838709040e+01
4.581290322580645835e+01
5.319354838709677580e+01
4.694838709677419075e+01
4.680645161290322420e+01
5.603225806451613522e+01
6.497419354838709182e+01
5.092258064516129679e+01
4.865161290322580356e+01
6.880645161290323131e+01
7.164516129032259073e+01
6.610967741935485265e+01
8.101290322580643988e+01
5.603225806451613522e+01
5.106451612903226334e+01
5.191612903225806264e+01
5.816129032258064768e+01
4.552903225806451104e+01
4.297419354838709893e+01
4.652258064516129110e+01
5.489677419354838861e+01
5.021290322580644983e+01
5.872903225806451388e+01
4.552903225806451104e+01
4.425161290322581209e+01
4.410967741935484554e+01
4.439354838709677864e+01
4.410967741935484554e+01
5.943870967741936084e+01
4.567096774193547759e+01
4.623870967741935800e+01
5.078064516129033024e+01
4.780000000000000426e+01
4.751612903225807116e+01
5.660000000000000142e+01
4.425161290322581209e+01
4.226451612903225197e+01
4.254838709677419928e+01
6.057419354838709324e+01
5.830322580645161423e+01
4.396774193548386478e+01
6.085806451612902634e+01
5.290967741935484270e+01
5.617419354838710177e+01
4.354193548387096513e+01
4.198064516129031887e+01
4.198064516129031887e+01
4.325806451612903203e+01
4.439354838709677864e+01
4.212258064516128542e+01
4.567096774193547759e+01
4.311612903225806548e+01
7.079354838709676301e+01
7.533548387096774945e+01
6.525806451612902492e+01
4.354193548387096513e+01
4.368387096774193168e+01
4.410967741935484554e+01
4.609677419354839145e+01
5.574838709677418791e+01
4.751612903225807116e+01
5.191612903225806264e+01
4.496129032258064484e+01
4.666451612903225765e+01
6.170967741935483986e+01
7.121935483870967687e+01
7.391612903225805553e+01
4.936129032258065052e+01
5.049677419354838293e+01
4.907741935483870321e+01
5.560645161290322136e+01
4.368387096774193168e+01
5.347741935483870890e+01
4.765806451612903771e+01
4.638064516129032455e+01
4.652258064516129110e+01
4.638064516129032455e+01
7.221290322580645693e+01
5.418709677419355586e+01
6.170967741935483986e+01
5.092258064516129679e+01
7.405806451612903629e+01
6.071612903225805979e+01
