3.729677419354838719e+01
3.672903225806451388e+01
3.658709677419354733e+01
3.729677419354838719e+01
3.885806451612903345e+01
3.814838709677419359e+01
4.013548387096773951e+01
4.013548387096773951e+01
3.843225806451612669e+01
4.041935483870967971e+01
3.970967741935483986e+01
4.141290322580645267e+01
4.098709677419354591e+01
4.056129032258064626e+01
3.914193548387096655e+01
3.871612903225806690e+01
3.800645161290322704e+01
3.885806451612903345e+01
3.687096774193548754e+01
3.956774193548387331e+01
3.985161290322580641e+01
3.914193548387096655e+01
4.041935483870967971e+01
4.041935483870967971e+01
4.311612903225806548e+01
4.198064516129031887e+01
4.127096774193548612e+01
4.112903225806451957e+01
3.928387096774193310e+01
3.942580645161290676e+01
4.169677419354838577e+01
4.169677419354838577e+01
4.481935483870967829e+01
4.623870967741935800e+01
4.666451612903225765e+01
4.638064516129032455e+01
4.481935483870967829e+01
4.609677419354839145e+01
4.694838709677419075e+01
4.382580645161289823e+01
4.709032258064515730e+01
4.524516129032257794e+01
4.382580645161289823e+01
4.439354838709677864e+01
4.737419354838709040e+01
4.893548387096773666e+01
5.262580645161290960e+01
4.950322580645161707e+01
4.623870967741935800e+01
4.183870967741935232e+01
4.354193548387096513e+01
4.254838709677419928e+01
3.956774193548387331e+01
4.169677419354838577e+01
4.325806451612903203e+01
4.169677419354838577e+01
4.183870967741935232e+01
4.325806451612903203e+01
4.325806451612903203e+01
4.283225806451613238e+01
4.467741935483871174e+01
4.496129032258064484e+01
4.396774193548386478e+01
4.226451612903225197e+01
4.169677419354838577e+01
4.027741935483871316e+01
4.070322580645161281e+01
4.212258064516128542e+01
4.325806451612903203e+01
4.240645161290323273e+01
4.056129032258064626e+01
4.070322580645161281e+01
4.226451612903225197e+01
4.283225806451613238e+01
4.269032258064516583e+01
4.311612903225806548e+01
4.240645161290323273e+01
4.297419354838709893e+01
4.311612903225806548e+01
4.425161290322581209e+01
4.368387096774193168e+01
4.226451612903225197e+01
4.226451612903225197e+01
4.354193548387096513e+01
4.283225806451613238e+01
4.226451612903225197e+01
4.311612903225806548e+01
4.169677419354838577e+01
4.141290322580645267e+01
4.212258064516128542e+01
3.970967741935483986e+01
3.900000000000000000e+01
4.027741935483871316e+01
4.041935483870967971e+01
4.041935483870967971e+01
4.056129032258064626e+01
3.999354838709677296e+01
3.970967741935483986e+01
3.985161290322580641e+01
3.956774193548387331e+01
3.829032258064516014e+01
3.758064516129032029e+01
3.885806451612903345e+01
3.829032258064516014e+01
3.829032258064516014e+01
3.885806451612903345e+01
3.829032258064516014e+01
3.985161290322580641e+01
4.013548387096773951e+01
4.041935483870967971e+01
4.041935483870967971e+01
3.970967741935483986e+01
3.970967741935483986e+01
3.985161290322580641e+01
3.942580645161290676e+01
3.857419354838710035e+01
4.027741935483871316e+01
3.843225806451612669e+01
3.956774193548387331e+01
3.985161290322580641e+01
3.914193548387096655e+01
3.928387096774193310e+01
3.942580645161290676e+01
3.843225806451612669e+01
3.885806451612903345e+01
3.857419354838710035e+01
4.013548387096773951e+01
3.970967741935483986e+01
3.942580645161290676e+01
3.956774193548387331e+01
3.942580645161290676e+01
3.885806451612903345e+01
3.885806451612903345e+01
3.829032258064516014e+01
4.382580645161289823e+01
4.325806451612903203e+01
4.396774193548386478e+01
4.396774193548386478e+01
4.368387096774193168e+01
4.453548387096774519e+01
4.680645161290322420e+01
4.822580645161290391e+01
5.092258064516129679e+01
4.567096774193547759e+01
4.567096774193547759e+01
4.481935483870967829e+01
5.447096774193548896e+01
4.822580645161290391e+01
4.992903225806451672e+01
4.609677419354839145e+01
5.007096774193548328e+01
5.078064516129033024e+01
5.674193548387096797e+01
4.879354838709677011e+01
4.907741935483870321e+01
5.333548387096774235e+01
4.765806451612903771e+01
5.092258064516129679e+01
3.843225806451612669e+01
