7.022580645161289681e+01
7.334838709677418933e+01
7.419999999999998863e+01
7.391612903225805553e+01
6.894838709677418365e+01
6.781290322580645125e+01
5.972258064516129394e+01
7.377419354838710319e+01
6.909032258064516441e+01
7.207096774193547617e+01
7.136129032258065763e+01
6.653548387096773808e+01
6.241935483870967261e+01
6.298709677419355302e+01
6.156774193548387331e+01
6.894838709677418365e+01
6.852258064516129821e+01
5.801935483870968113e+01
5.844516129032258078e+01
5.943870967741936084e+01
5.958064516129032739e+01
7.207096774193547617e+01
7.391612903225805553e+01
7.391612903225805553e+01
6.554193548387095802e+01
6.355483870967741922e+01
7.263870967741934237e+01
6.071612903225805979e+01
6.809677419354838435e+01
5.858709677419354733e+01
5.986451612903226049e+01
6.270322580645161992e+01
6.298709677419355302e+01
6.426451612903224486e+01
6.525806451612902492e+01
6.894838709677418365e+01
7.150322580645160997e+01
7.519354838709676869e+01
7.391612903225805553e+01
7.405806451612903629e+01
6.809677419354838435e+01
6.625161290322580498e+01
6.454838709677420638e+01
6.582580645161289112e+01
6.909032258064516441e+01
7.419999999999998863e+01
8.385161290322579930e+01
7.959354838709677438e+01
6.909032258064516441e+01
6.653548387096773808e+01
6.880645161290323131e+01
6.568387096774193878e+01
7.093548387096774377e+01
6.866451612903225055e+01
6.440645161290322562e+01
6.170967741935483986e+01
6.256129032258063916e+01
6.667741935483871885e+01
6.582580645161289112e+01
7.008387096774194447e+01
7.221290322580645693e+01
6.866451612903225055e+01
6.610967741935485265e+01
6.383870967741935232e+01
6.540000000000000568e+01
7.207096774193547617e+01
6.866451612903225055e+01
6.752903225806451815e+01
7.292258064516130389e+01
7.263870967741934237e+01
7.121935483870967687e+01
6.170967741935483986e+01
6.298709677419355302e+01
6.454838709677420638e+01
6.298709677419355302e+01
6.270322580645161992e+01
6.114193548387097366e+01
6.454838709677420638e+01
6.667741935483871885e+01
6.625161290322580498e+01
6.327096774193548612e+01
6.085806451612902634e+01
6.199354838709677296e+01
6.341290322580645267e+01
6.256129032258063916e+01
6.114193548387097366e+01
6.355483870967741922e+01
6.213548387096773951e+01
7.164516129032259073e+01
6.454838709677420638e+01
6.256129032258063916e+01
6.511612903225807258e+01
6.284516129032258647e+01
6.114193548387097366e+01
6.980000000000001137e+01
6.284516129032258647e+01
6.767096774193547049e+01
5.872903225806451388e+01
6.185161290322580641e+01
5.929677419354839429e+01
7.320645161290323699e+01
7.050967741935482991e+01
7.789032258064517578e+01
7.405806451612903629e+01
7.022580645161289681e+01
7.022580645161289681e+01
6.994193548387096371e+01
5.958064516129032739e+01
6.100000000000000711e+01
6.014838709677419359e+01
5.844516129032258078e+01
6.000645161290322704e+01
5.958064516129032739e+01
5.887096774193548043e+01
5.702580645161290107e+01
5.816129032258064768e+01
5.801935483870968113e+01
5.887096774193548043e+01
5.872903225806451388e+01
6.838064516129031745e+01
5.915483870967741353e+01
5.887096774193548043e+01
6.866451612903225055e+01
5.688387096774193452e+01
5.773548387096774803e+01
6.738709677419353739e+01
5.532258064516128826e+01
5.816129032258064768e+01
5.830322580645161423e+01
5.830322580645161423e+01
6.100000000000000711e+01
6.724516129032258505e+01
6.568387096774193878e+01
5.645806451612903487e+01
6.298709677419355302e+01
6.312903225806451957e+01
6.454838709677420638e+01
6.866451612903225055e+01
6.653548387096773808e+01
6.980000000000001137e+01
6.795483870967743201e+01
6.951612903225807827e+01
6.980000000000001137e+01
6.866451612903225055e+01
6.767096774193547049e+01
6.852258064516129821e+01
7.647096774193548185e+01
7.093548387096774377e+01
7.618709677419354875e+01
6.795483870967743201e+01
7.306451612903225623e+01
7.561935483870968255e+01
8.952903225806451815e+01
6.980000000000001137e+01
7.249677419354839003e+01
7.278064516129032313e+01
6.866451612903225055e+01
6.965806451612903061e+01
7.249677419354839003e+01
