2.750322580645160997e+01
2.934838709677419644e+01
3.034193548387096939e+01
3.232903225806451530e+01
3.346451612903226192e+01
3.303870967741935516e+01
3.559354838709677438e+01
3.076774193548386904e+01
3.247096774193548185e+01
3.303870967741935516e+01
3.147741935483870890e+01
3.942580645161290676e+01
3.502580645161290107e+01
3.559354838709677438e+01
3.502580645161290107e+01
3.488387096774193452e+01
3.573548387096774093e+01
3.743870967741935374e+01
3.928387096774193310e+01
3.843225806451612669e+01
4.269032258064516583e+01
3.488387096774193452e+01
3.630322580645161423e+01
3.715483870967742064e+01
2.537419354838709751e+01
3.843225806451612669e+01
3.928387096774193310e+01
3.616129032258064768e+01
3.630322580645161423e+01
3.176129032258064200e+01
3.147741935483870890e+01
2.977419354838709609e+01
3.176129032258064200e+01
3.204516129032258220e+01
3.715483870967742064e+01
3.758064516129032029e+01
4.027741935483871316e+01
4.084516129032257936e+01
3.928387096774193310e+01
3.587741935483870748e+01
3.502580645161290107e+01
2.920645161290322278e+01
2.934838709677419644e+01
3.190322580645161565e+01
3.190322580645161565e+01
3.360645161290322847e+01
3.417419354838709467e+01
3.403225806451612812e+01
3.814838709677419359e+01
3.800645161290322704e+01
4.212258064516128542e+01
4.084516129032257936e+01
4.339999999999999858e+01
4.283225806451613238e+01
5.219999999999999574e+01
3.928387096774193310e+01
4.127096774193548612e+01
3.956774193548387331e+01
3.999354838709677296e+01
4.410967741935484554e+01
4.155483870967741922e+01
3.970967741935483986e+01
3.928387096774193310e+01
3.758064516129032029e+01
4.098709677419354591e+01
3.687096774193548754e+01
3.672903225806451388e+01
3.332258064516128826e+01
3.431612903225806832e+01
3.715483870967742064e+01
3.900000000000000000e+01
3.658709677419354733e+01
3.715483870967742064e+01
3.630322580645161423e+01
3.488387096774193452e+01
3.445806451612903487e+01
3.516774193548387473e+01
3.658709677419354733e+01
4.013548387096773951e+01
4.056129032258064626e+01
3.843225806451612669e+01
3.772258064516129394e+01
3.829032258064516014e+01
3.914193548387096655e+01
3.829032258064516014e+01
3.871612903225806690e+01
3.871612903225806690e+01
4.127096774193548612e+01
3.914193548387096655e+01
3.999354838709677296e+01
4.709032258064515730e+01
4.226451612903225197e+01
4.567096774193547759e+01
4.439354838709677864e+01
4.325806451612903203e+01
4.283225806451613238e+01
4.198064516129031887e+01
4.524516129032257794e+01
4.453548387096774519e+01
4.396774193548386478e+01
4.226451612903225197e+01
4.467741935483871174e+01
4.510322580645161139e+01
4.183870967741935232e+01
4.339999999999999858e+01
4.978709677419355017e+01
4.538709677419354449e+01
4.183870967741935232e+01
4.269032258064516583e+01
4.212258064516128542e+01
4.127096774193548612e+01
nan
4.552903225806451104e+01
4.056129032258064626e+01
3.743870967741935374e+01
4.084516129032257936e+01
4.112903225806451957e+01
4.112903225806451957e+01
3.999354838709677296e+01
