6.454838709677420638e+01
5.617419354838710177e+01
7.093548387096774377e+01
5.447096774193548896e+01
5.418709677419355586e+01
5.177419354838709609e+01
6.483225806451613948e+01
5.234193548387096229e+01
5.347741935483870890e+01
5.958064516129032739e+01
6.681935483870967118e+01
6.199354838709677296e+01
6.909032258064516441e+01
5.745161290322580072e+01
5.418709677419355586e+01
5.404516129032257510e+01
5.915483870967741353e+01
6.838064516129031745e+01
7.022580645161289681e+01
6.284516129032258647e+01
7.008387096774194447e+01
5.759354838709678148e+01
5.560645161290322136e+01
7.192903225806452383e+01
6.724516129032258505e+01
7.221290322580645693e+01
7.249677419354839003e+01
5.901290322580644698e+01
5.716774193548386762e+01
5.844516129032258078e+01
5.347741935483870890e+01
6.866451612903225055e+01
5.631612903225806832e+01
5.915483870967741353e+01
5.660000000000000142e+01
5.674193548387096797e+01
7.519354838709676869e+01
6.071612903225805979e+01
6.185161290322580641e+01
5.603225806451613522e+01
5.333548387096774235e+01
6.951612903225807827e+01
5.674193548387096797e+01
5.532258064516128826e+01
5.489677419354838861e+01
6.100000000000000711e+01
6.454838709677420638e+01
5.503870967741935516e+01
6.185161290322580641e+01
6.525806451612902492e+01
6.582580645161289112e+01
7.107741935483872453e+01
6.582580645161289112e+01
7.292258064516130389e+01
8.456129032258064626e+01
6.540000000000000568e+01
6.752903225806451815e+01
6.114193548387097366e+01
7.036774193548387757e+01
7.107741935483872453e+01
7.065161290322581067e+01
6.511612903225807258e+01
6.965806451612903061e+01
6.014838709677419359e+01
6.923225806451611675e+01
6.554193548387095802e+01
5.801935483870968113e+01
5.262580645161290960e+01
6.795483870967743201e+01
5.759354838709678148e+01
6.540000000000000568e+01
6.156774193548387331e+01
5.660000000000000142e+01
5.858709677419354733e+01
5.248387096774194305e+01
5.461290322580645551e+01
6.454838709677420638e+01
5.574838709677418791e+01
6.100000000000000711e+01
6.114193548387097366e+01
5.887096774193548043e+01
6.241935483870967261e+01
5.887096774193548043e+01
5.787741935483871458e+01
6.284516129032258647e+01
6.639354838709678575e+01
6.582580645161289112e+01
6.525806451612902492e+01
7.079354838709676301e+01
6.440645161290322562e+01
7.292258064516130389e+01
7.079354838709676301e+01
7.774838709677419502e+01
7.235483870967740927e+01
6.866451612903225055e+01
7.022580645161289681e+01
7.121935483870967687e+01
6.809677419354838435e+01
7.661290322580646261e+01
7.874193548387097508e+01
7.093548387096774377e+01
8.328387096774193310e+01
6.994193548387096371e+01
7.121935483870967687e+01
7.022580645161289681e+01
7.789032258064517578e+01
6.823870967741936511e+01
6.525806451612902492e+01
7.235483870967740927e+01
7.803225806451612812e+01
6.156774193548387331e+01
nan
7.590322580645161565e+01
6.256129032258063916e+01
6.610967741935485265e+01
6.483225806451613948e+01
7.192903225806452383e+01
7.675483870967741495e+01
6.199354838709677296e+01
