1.983870967741935232e+01
2.040645161290322562e+01
1.884516129032257936e+01
2.210967741935483843e+01
2.182580645161290533e+01
2.310322580645161139e+01
2.281935483870967829e+01
2.381290322580645125e+01
2.352903225806451815e+01
2.182580645161290533e+01
2.225161290322580498e+01
2.139999999999999858e+01
2.352903225806451815e+01
2.395483870967741780e+01
2.367096774193548470e+01
2.352903225806451815e+01
2.551612903225806406e+01
2.324516129032257794e+01
2.693548387096774377e+01
2.579999999999999716e+01
2.565806451612903061e+01
2.409677419354838435e+01
2.452258064516129110e+01
2.352903225806451815e+01
2.310322580645161139e+01
2.551612903225806406e+01
2.622580645161290391e+01
2.579999999999999716e+01
2.565806451612903061e+01
2.736129032258064342e+01
2.721935483870967687e+01
2.608387096774193736e+01
2.835483870967741638e+01
2.693548387096774377e+01
2.721935483870967687e+01
2.721935483870967687e+01
2.963225806451612954e+01
2.949032258064516299e+01
3.261290322580645551e+01
3.005806451612902919e+01
2.778709677419355017e+01
2.821290322580644983e+01
2.963225806451612954e+01
2.807096774193548328e+01
2.721935483870967687e+01
2.835483870967741638e+01
2.579999999999999716e+01
2.466451612903225765e+01
2.310322580645161139e+01
2.466451612903225765e+01
2.381290322580645125e+01
2.324516129032257794e+01
2.466451612903225765e+01
2.480645161290322420e+01
2.466451612903225765e+01
2.409677419354838435e+01
2.693548387096774377e+01
2.778709677419355017e+01
2.665161290322580356e+01
2.494838709677419075e+01
2.693548387096774377e+01
2.523225806451613096e+01
2.707741935483871032e+01
2.764516129032258362e+01
2.707741935483871032e+01
2.721935483870967687e+01
2.423870967741935800e+01
2.579999999999999716e+01
2.409677419354838435e+01
2.480645161290322420e+01
2.509032258064516441e+01
2.636774193548387046e+01
2.679354838709677722e+01
2.778709677419355017e+01
2.750322580645160997e+01
2.778709677419355017e+01
2.579999999999999716e+01
2.764516129032258362e+01
2.707741935483871032e+01
2.835483870967741638e+01
2.821290322580644983e+01
2.622580645161290391e+01
2.792903225806451672e+01
2.338709677419355160e+01
2.296129032258064484e+01
2.409677419354838435e+01
2.494838709677419075e+01
2.707741935483871032e+01
2.579999999999999716e+01
2.679354838709677722e+01
2.707741935483871032e+01
2.963225806451612954e+01
3.105161290322580925e+01
3.190322580645161565e+01
3.247096774193548185e+01
3.048387096774193594e+01
2.821290322580644983e+01
2.991612903225806264e+01
2.934838709677419644e+01
2.807096774193548328e+01
2.594193548387097081e+01
2.650967741935483701e+01
2.551612903225806406e+01
2.423870967741935800e+01
2.665161290322580356e+01
2.721935483870967687e+01
2.707741935483871032e+01
3.133548387096774235e+01
2.849677419354839003e+01
2.920645161290322278e+01
2.991612903225806264e+01
2.807096774193548328e+01
2.736129032258064342e+01
2.792903225806451672e+01
2.523225806451613096e+01
2.792903225806451672e+01
3.020000000000000284e+01
2.807096774193548328e+01
nan
2.736129032258064342e+01
2.338709677419355160e+01
2.849677419354839003e+01
2.778709677419355017e+01
2.452258064516129110e+01
2.551612903225806406e+01
2.679354838709677722e+01
2.523225806451613096e+01
2.423870967741935800e+01
2.409677419354838435e+01
2.352903225806451815e+01
2.494838709677419075e+01
2.608387096774193736e+01
2.466451612903225765e+01
2.565806451612903061e+01
2.764516129032258362e+01
2.863870967741935658e+01
2.594193548387097081e+01
2.352903225806451815e+01
2.310322580645161139e+01
2.324516129032257794e+01
2.409677419354838435e+01
2.196774193548387188e+01
2.125806451612903203e+01
2.338709677419355160e+01
2.168387096774193878e+01
2.111612903225806548e+01
2.466451612903225765e+01
2.239354838709677153e+01
2.097419354838709893e+01
2.367096774193548470e+01
2.139999999999999858e+01
2.139999999999999858e+01
2.352903225806451815e+01
2.352903225806451815e+01
2.296129032258064484e+01
2.721935483870967687e+01
2.778709677419355017e+01
2.650967741935483701e+01
2.509032258064516441e+01
2.594193548387097081e+01
2.480645161290322420e+01
2.367096774193548470e+01
2.367096774193548470e+01
2.310322580645161139e+01
2.040645161290322562e+01
2.281935483870967829e+01
2.139999999999999858e+01
2.139999999999999858e+01
2.225161290322580498e+01
2.125806451612903203e+01
2.210967741935483843e+01
2.267741935483871174e+01
2.083225806451613238e+01
2.310322580645161139e+01
2.239354838709677153e+01
2.310322580645161139e+01
2.253548387096774519e+01
2.324516129032257794e+01
2.352903225806451815e+01
2.338709677419355160e+01
2.466451612903225765e+01
2.139999999999999858e+01
2.367096774193548470e+01
2.395483870967741780e+01
2.452258064516129110e+01
2.551612903225806406e+01
2.480645161290322420e+01
2.551612903225806406e+01
2.466451612903225765e+01
2.423870967741935800e+01
2.253548387096774519e+01
2.296129032258064484e+01
2.267741935483871174e+01
2.622580645161290391e+01
2.494838709677419075e+01
2.523225806451613096e+01
2.494838709677419075e+01
2.494838709677419075e+01
2.622580645161290391e+01
2.608387096774193736e+01
2.693548387096774377e+01
2.622580645161290391e+01
2.452258064516129110e+01
2.509032258064516441e+01
2.423870967741935800e+01
2.267741935483871174e+01
2.423870967741935800e+01
2.565806451612903061e+01
2.565806451612903061e+01
2.551612903225806406e+01
2.452258064516129110e+01
2.480645161290322420e+01
