6.327096774193548612e+01
6.497419354838709182e+01
6.724516129032258505e+01
5.305161290322580925e+01
5.943870967741936084e+01
5.333548387096774235e+01
5.489677419354838861e+01
5.347741935483870890e+01
4.850967741935483701e+01
4.978709677419355017e+01
5.489677419354838861e+01
5.858709677419354733e+01
4.652258064516129110e+01
5.560645161290322136e+01
5.276774193548387615e+01
4.439354838709677864e+01
4.893548387096773666e+01
5.234193548387096229e+01
4.567096774193547759e+01
4.439354838709677864e+01
4.723225806451612385e+01
5.262580645161290960e+01
4.538709677419354449e+01
4.510322580645161139e+01
4.992903225806451672e+01
4.467741935483871174e+01
4.850967741935483701e+01
4.822580645161290391e+01
4.765806451612903771e+01
4.879354838709677011e+01
4.680645161290322420e+01
4.652258064516129110e+01
4.737419354838709040e+01
4.481935483870967829e+01
4.439354838709677864e+01
5.333548387096774235e+01
4.879354838709677011e+01
5.447096774193548896e+01
5.432903225806452241e+01
5.887096774193548043e+01
5.092258064516129679e+01
4.865161290322580356e+01
5.276774193548387615e+01
4.893548387096773666e+01
4.567096774193547759e+01
4.808387096774193736e+01
4.765806451612903771e+01
4.978709677419355017e+01
4.950322580645161707e+01
5.262580645161290960e+01
5.390322580645160855e+01
4.481935483870967829e+01
4.481935483870967829e+01
4.425161290322581209e+01
4.425161290322581209e+01
4.893548387096773666e+01
5.177419354838709609e+01
5.546451612903225481e+01
4.907741935483870321e+01
4.893548387096773666e+01
5.092258064516129679e+01
4.765806451612903771e+01
5.035483870967741638e+01
4.425161290322581209e+01
4.524516129032257794e+01
4.595483870967742490e+01
4.439354838709677864e+01
4.439354838709677864e+01
4.623870967741935800e+01
4.141290322580645267e+01
4.339999999999999858e+01
4.524516129032257794e+01
4.538709677419354449e+01
4.652258064516129110e+01
4.609677419354839145e+01
4.865161290322580356e+01
4.410967741935484554e+01
4.467741935483871174e+01
4.567096774193547759e+01
4.425161290322581209e+01
5.347741935483870890e+01
4.481935483870967829e+01
4.496129032258064484e+01
4.112903225806451957e+01
4.041935483870967971e+01
4.808387096774193736e+01
4.212258064516128542e+01
4.638064516129032455e+01
4.183870967741935232e+01
4.425161290322581209e+01
4.368387096774193168e+01
5.021290322580644983e+01
4.709032258064515730e+01
4.666451612903225765e+01
5.319354838709677580e+01
5.560645161290322136e+01
5.276774193548387615e+01
4.992903225806451672e+01
4.907741935483870321e+01
4.524516129032257794e+01
4.325806451612903203e+01
4.240645161290323273e+01
4.212258064516128542e+01
4.141290322580645267e+01
4.453548387096774519e+01
4.751612903225807116e+01
4.936129032258065052e+01
4.950322580645161707e+01
4.638064516129032455e+01
5.489677419354838861e+01
5.816129032258064768e+01
4.425161290322581209e+01
5.461290322580645551e+01
5.248387096774194305e+01
4.439354838709677864e+01
4.865161290322580356e+01
5.830322580645161423e+01
5.163225806451612954e+01
nan
4.893548387096773666e+01
4.964516129032258362e+01
6.667741935483871885e+01
4.368387096774193168e+01
4.354193548387096513e+01
4.155483870967741922e+01
4.709032258064515730e+01
4.439354838709677864e+01
4.084516129032257936e+01
4.325806451612903203e+01
4.155483870967741922e+01
4.425161290322581209e+01
4.112903225806451957e+01
4.496129032258064484e+01
4.112903225806451957e+01
5.092258064516129679e+01
6.284516129032258647e+01
5.191612903225806264e+01
4.453548387096774519e+01
4.283225806451613238e+01
4.084516129032257936e+01
4.212258064516128542e+01
4.354193548387096513e+01
4.155483870967741922e+01
3.970967741935483986e+01
5.049677419354838293e+01
5.007096774193548328e+01
4.112903225806451957e+01
5.035483870967741638e+01
4.254838709677419928e+01
4.396774193548386478e+01
4.368387096774193168e+01
4.084516129032257936e+01
4.183870967741935232e+01
4.212258064516128542e+01
4.240645161290323273e+01
4.638064516129032455e+01
4.581290322580645835e+01
4.467741935483871174e+01
4.354193548387096513e+01
4.467741935483871174e+01
4.283225806451613238e+01
4.254838709677419928e+01
4.198064516129031887e+01
4.254838709677419928e+01
4.538709677419354449e+01
4.183870967741935232e+01
4.325806451612903203e+01
4.425161290322581209e+01
7.150322580645160997e+01
6.823870967741936511e+01
4.822580645161290391e+01
5.290967741935484270e+01
4.808387096774193736e+01
4.638064516129032455e+01
4.694838709677419075e+01
5.021290322580644983e+01
5.475483870967742206e+01
4.907741935483870321e+01
4.410967741935484554e+01
4.524516129032257794e+01
4.339999999999999858e+01
4.950322580645161707e+01
5.276774193548387615e+01
5.106451612903226334e+01
4.396774193548386478e+01
4.638064516129032455e+01
5.092258064516129679e+01
4.751612903225807116e+01
4.694838709677419075e+01
4.538709677419354449e+01
5.134838709677419644e+01
4.439354838709677864e+01
4.907741935483870321e+01
4.567096774193547759e+01
4.936129032258065052e+01
5.432903225806452241e+01
4.609677419354839145e+01
4.552903225806451104e+01
4.510322580645161139e+01
5.390322580645160855e+01
4.907741935483870321e+01
4.524516129032257794e+01
5.063870967741934948e+01
4.652258064516129110e+01
4.609677419354839145e+01
4.879354838709677011e+01
4.552903225806451104e+01
4.595483870967742490e+01
4.865161290322580356e+01
5.986451612903226049e+01
4.609677419354839145e+01
4.382580645161289823e+01
