1.026302234241194711e+01
9.193548387096775798e+00
1.150000000000000000e+01
1.096774193548387188e+01
9.725806451612903913e+00
1.061290322580645551e+01
1.345161290322580783e+01
1.274193548387096797e+01
1.167741935483871174e+01
6.887096774193548043e+00
1.025806451612903203e+01
1.380645161290322420e+01
1.309677419354839145e+01
1.238709677419355160e+01
1.362903225806451957e+01
1.504838709677419217e+01
1.629032258064516014e+01
1.717741935483871174e+01
1.912903225806451957e+01
1.487096774193548754e+01
1.114516129032258362e+01
1.291935483870967971e+01
2.072580645161290391e+01
2.037096774193548754e+01
1.912903225806451957e+01
2.072580645161290391e+01
2.498387096774193594e+01
2.161290322580645551e+01
2.232258064516129537e+01
2.125806451612903203e+01
2.001612903225806406e+01
1.682258064516129537e+01
1.966129032258064768e+01
2.196774193548387188e+01
2.054838709677419217e+01
1.948387096774193594e+01
1.629032258064516014e+01
1.150000000000000000e+01
1.327419354838709609e+01
1.469354838709677580e+01
1.327419354838709609e+01
1.291935483870967971e+01
1.380645161290322420e+01
1.895161290322580783e+01
2.037096774193548754e+01
1.806451612903226334e+01
2.108064516129032739e+01
2.054838709677419217e+01
1.646774193548387188e+01
1.806451612903226334e+01
1.682258064516129537e+01
1.451612903225806406e+01
1.309677419354839145e+01
1.256451612903225623e+01
1.398387096774193594e+01
1.398387096774193594e+01
1.700000000000000000e+01
1.717741935483871174e+01
2.427419354838709609e+01
1.912903225806451957e+01
2.604838709677419928e+01
2.533870967741935942e+01
2.125806451612903203e+01
1.983870967741935942e+01
2.001612903225806406e+01
1.717741935483871174e+01
1.966129032258064768e+01
2.037096774193548754e+01
2.108064516129032739e+01
2.108064516129032739e+01
1.966129032258064768e+01
9.548387096774192173e+00
1.398387096774193594e+01
1.575806451612903203e+01
1.575806451612903203e+01
1.717741935483871174e+01
1.167741935483871174e+01
1.167741935483871174e+01
1.717741935483871174e+01
1.859677419354839145e+01
1.966129032258064768e+01
1.646774193548387188e+01
2.001612903225806406e+01
1.948387096774193594e+01
9.016129032258067610e+00
1.717741935483871174e+01
1.345161290322580783e+01
1.735483870967742348e+01
1.895161290322580783e+01
2.108064516129032739e+01
2.054838709677419217e+01
1.895161290322580783e+01
1.362903225806451957e+01
1.629032258064516014e+01
1.291935483870967971e+01
1.309677419354839145e+01
1.114516129032258362e+01
1.256451612903225623e+01
1.096774193548387188e+01
1.345161290322580783e+01
1.629032258064516014e+01
1.380645161290322420e+01
1.380645161290322420e+01
1.380645161290322420e+01
1.806451612903226334e+01
1.309677419354839145e+01
2.409677419354839145e+01
2.391935483870967971e+01
1.167741935483871174e+01
2.054838709677419217e+01
2.303225806451612812e+01
2.001612903225806406e+01
1.380645161290322420e+01
1.203225806451612812e+01
1.788709677419355160e+01
1.345161290322580783e+01
9.903225806451615654e+00
1.167741935483871174e+01
1.362903225806451957e+01
1.611290322580645551e+01
1.433870967741935942e+01
1.362903225806451957e+01
1.593548387096774377e+01
1.664516129032258362e+01
1.700000000000000000e+01
1.700000000000000000e+01
2.232258064516129537e+01
1.966129032258064768e+01
1.220967741935483986e+01
1.664516129032258362e+01
1.629032258064516014e+01
9.903225806451615654e+00
1.664516129032258362e+01
1.327419354838709609e+01
1.256451612903225623e+01
6.000000000000000000e+00
1.256451612903225623e+01
1.611290322580645551e+01
1.682258064516129537e+01
2.196774193548387188e+01
2.072580645161290391e+01
2.019354838709677580e+01
1.824193548387096797e+01
2.108064516129032739e+01
2.019354838709677580e+01
1.948387096774193594e+01
1.824193548387096797e+01
2.001612903225806406e+01
2.019354838709677580e+01
1.700000000000000000e+01
2.214516129032258362e+01
2.072580645161290391e+01
1.611290322580645551e+01
1.930645161290322420e+01
2.054838709677419217e+01
1.469354838709677580e+01
1.398387096774193594e+01
1.238709677419355160e+01
1.700000000000000000e+01
1.611290322580645551e+01
1.646774193548387188e+01
1.398387096774193594e+01
1.504838709677419217e+01
1.522580645161290391e+01
1.682258064516129537e+01
1.841935483870967971e+01
1.806451612903226334e+01
1.185483870967742348e+01
1.203225806451612812e+01
1.167741935483871174e+01
1.167741935483871174e+01
1.380645161290322420e+01
1.309677419354839145e+01
1.540322580645161565e+01
1.629032258064516014e+01
1.575806451612903203e+01
1.700000000000000000e+01
2.037096774193548754e+01
2.072580645161290391e+01
2.143548387096774377e+01
2.445161290322580783e+01
2.090322580645161565e+01
2.054838709677419217e+01
2.267741935483871174e+01
2.587096774193548754e+01
1.203225806451612812e+01
1.380645161290322420e+01
