3.601935483870968113e+01
3.630322580645161423e+01
3.573548387096774093e+01
3.587741935483870748e+01
3.630322580645161423e+01
3.573548387096774093e+01
3.545161290322580783e+01
3.545161290322580783e+01
3.701290322580645409e+01
nan
nan
4.751612903225807116e+01
nan
nan
nan
nan
nan
7.206451612903226334e+00
nan
nan
nan
nan
nan
nan
nan
nan
nan
nan
nan
6.724516129032258505e+01
6.752903225806451815e+01
5.007096774193548328e+01
nan
nan
nan
nan
nan
nan
nan
nan
nan
3.701290322580645409e+01
3.758064516129032029e+01
nan
nan
nan
nan
nan
4.737419354838709040e+01
4.751612903225807116e+01
nan
nan
nan
4.609677419354839145e+01
4.084516129032257936e+01
3.616129032258064768e+01
3.644516129032258078e+01
3.644516129032258078e+01
3.687096774193548754e+01
3.743870967741935374e+01
nan
nan
nan
nan
nan
nan
3.687096774193548754e+01
3.857419354838710035e+01
nan
4.070322580645161281e+01
nan
4.709032258064515730e+01
nan
nan
nan
nan
nan
nan
nan
nan
nan
nan
nan
nan
nan
nan
nan
nan
nan
nan
nan
4.240645161290323273e+01
nan
3.814838709677419359e+01
4.141290322580645267e+01
3.814838709677419359e+01
3.658709677419354733e+01
3.758064516129032029e+01
nan
3.701290322580645409e+01
3.644516129032258078e+01
3.545161290322580783e+01
3.900000000000000000e+01
nan
nan
nan
nan
4.339999999999999858e+01
nan
nan
3.729677419354838719e+01
3.687096774193548754e+01
3.672903225806451388e+01
3.687096774193548754e+01
3.800645161290322704e+01
3.672903225806451388e+01
3.601935483870968113e+01
4.155483870967741922e+01
4.240645161290323273e+01
nan
4.240645161290323273e+01
nan
nan
nan
nan
nan
nan
nan
nan
nan
nan
5.049677419354838293e+01
4.780000000000000426e+01
4.751612903225807116e+01
4.027741935483871316e+01
4.623870967741935800e+01
4.808387096774193736e+01
nan
nan
nan
nan
nan
nan
nan
nan
nan
nan
nan
nan
7.235483870967740927e+01
nan
nan
nan
6.327096774193548612e+01
nan
nan
nan
nan
nan
nan
nan
nan
nan
4.992903225806451672e+01
nan
nan
nan
nan
nan
4.127096774193548612e+01
4.325806451612903203e+01
nan
nan
nan
nan
nan
3.616129032258064768e+01
2.977419354838709609e+01
