7.136129032258065763e+01
5.674193548387096797e+01
5.532258064516128826e+01
5.503870967741935516e+01
5.503870967741935516e+01
5.645806451612903487e+01
5.872903225806451388e+01
5.560645161290322136e+01
5.631612903225806832e+01
nan
nan
6.241935483870967261e+01
nan
nan
nan
nan
nan
2.395483870967741780e+01
nan
nan
nan
nan
nan
nan
nan
nan
nan
nan
nan
8.669032258064515872e+01
8.754193548387095802e+01
7.363225806451612243e+01
nan
nan
nan
nan
nan
nan
nan
nan
nan
5.617419354838710177e+01
5.546451612903225481e+01
nan
nan
nan
nan
nan
6.412258064516129252e+01
6.469032258064515872e+01
nan
nan
nan
6.142580645161290676e+01
5.702580645161290107e+01
5.759354838709678148e+01
5.645806451612903487e+01
6.185161290322580641e+01
5.276774193548387615e+01
5.248387096774194305e+01
nan
nan
nan
nan
nan
nan
5.901290322580644698e+01
5.943870967741936084e+01
nan
6.270322580645161992e+01
nan
6.156774193548387331e+01
nan
nan
nan
nan
nan
nan
nan
nan
nan
nan
nan
nan
nan
nan
nan
nan
nan
nan
nan
5.958064516129032739e+01
nan
5.361935483870967545e+01
6.000645161290322704e+01
5.489677419354838861e+01
5.319354838709677580e+01
5.560645161290322136e+01
nan
5.631612903225806832e+01
7.235483870967740927e+01
5.376129032258064200e+01
5.688387096774193452e+01
nan
nan
nan
nan
6.199354838709677296e+01
nan
nan
5.702580645161290107e+01
6.809677419354838435e+01
5.943870967741936084e+01
5.461290322580645551e+01
5.404516129032257510e+01
5.674193548387096797e+01
6.383870967741935232e+01
5.801935483870968113e+01
5.929677419354839429e+01
nan
5.759354838709678148e+01
nan
nan
nan
nan
nan
nan
nan
nan
nan
nan
6.809677419354838435e+01
6.312903225806451957e+01
6.398064516129031887e+01
6.681935483870967118e+01
6.327096774193548612e+01
6.483225806451613948e+01
nan
nan
nan
nan
nan
nan
nan
nan
nan
nan
nan
nan
9.208387096774194447e+01
nan
nan
nan
8.229032258064515304e+01
nan
nan
nan
nan
nan
nan
nan
nan
nan
6.724516129032258505e+01
nan
nan
nan
nan
nan
5.574838709677418791e+01
6.156774193548387331e+01
nan
nan
nan
nan
nan
7.079354838709676301e+01
6.568387096774193878e+01
