11.050
10.600
8.800
11.300
11.500
11.000
10.350
10.900
10.650
10.600
10.200
10.150
10.300
10.600
10.950
9.950
10.550
7.000
9.150
9.850
9.400
9.750
8.600
8.450
10.350
10.700
10.200
10.800
11.150
10.200
10.100
10.750
11.100
10.050
9.750
10.550
10.300
10.450
9.100
8.200
8.650
8.550
12.550
12.600
11.750
11.550
11.800
10.750
10.950
12.200
11.750
11.600
7.850
8.050
8.650
8.350
11.250
11.400
11.050
10.400
7.700
8.400
7.150
6.050
8.550
11.900
12.300
7.550
7.750
6.600
7.900
8.300
11.300
10.600
10.600
9.850
9.250
8.700
8.100
8.650
9.800
10.550
9.650
9.000
9.800
9.450
8.500
9.200
9.300
9.850
10.150
10.050
12.100
12.700
10.050
11.400
9.850
10.500
9.350
9.100
11.000
10.450
13.150
9.600
9.000
9.950
10.750
10.950
10.400
9.950
10.950
11.600
10.550
10.350
12.000
11.500
11.200
11.250
9.750
8.700
9.250
9.200
9.850
10.350
8.000
7.450
9.300
9.950
8.850
10.000
9.850
9.700
5.850
5.400
7.150
7.250
7.000
6.450
10.700
10.150
11.050
11.450
10.000
11.250
10.500
11.300
10.350
10.650
7.250
7.900
7.450
6.350
6.750
7.950
8.100
8.600
9.100
9.200
8.600
10.400
10.550
10.200
9.650
12.150
12.350
11.700
10.350
10.650
9.850
9.350
10.550
9.900
10.500
10.200
10.100
10.700
9.850
8.750
9.600
8.750
8.200
12.050
11.800
11.750
12.000
8.200
8.000
7.600
8.250
6.900
6.200
7.550
8.300
5.150
5.750
5.650
5.250
4.750
5.100
5.650
6.750
5.750
6.250
5.150
5.200
5.750
11.600
10.050
9.750
9.050
8.000
8.500
8.400
9.100
9.250
9.700
7.200
7.100
8.000
8.250
6.400
5.650
8.200
7.400
9.350
9.900
9.450
8.750
8.700
9.050
9.300
9.400
9.050
9.200
9.400
8.900
8.250
8.800
8.900
9.400
9.800
8.450
8.600
8.250
9.000
9.300
6.800
7.000
5.950
6.450
7.400
8.000
11.150
