0.079
0.085
0.134
0.091
0.079
0.085
0.094
0.095
0.073
0.081
0.089
0.085
0.088
0.100
0.091
0.105
0.100
0.175
0.111
0.104
0.111
0.101
0.136
0.134
0.092
0.088
0.100
0.079
0.080
0.084
0.085
0.072
0.076
0.093
0.106
0.082
0.087
0.081
0.122
0.140
0.137
0.131
0.063
0.069
0.074
0.072
0.076
0.096
0.091
0.083
0.086
0.082
0.159
0.147
0.136
0.146
0.090
0.085
0.089
0.093
0.160
0.139
0.163
0.207
0.110
0.082
0.075
0.166
0.150
0.196
0.149
0.141
0.072
0.078
0.095
0.102
0.118
0.130
0.155
0.135
0.093
0.090
0.096
0.114
0.096
0.102
0.133
0.118
0.110
0.095
0.092
0.098
0.081
0.072
0.103
0.084
0.115
0.107
0.125
0.132
0.089
0.097
0.065
0.115
0.132
0.108
0.101
0.095
0.104
0.111
0.099
0.088
0.077
0.078
0.068
0.072
0.077
0.073
0.113
0.132
0.119
0.121
0.116
0.109
0.143
0.155
0.117
0.103
0.124
0.108
0.115
0.105
0.218
0.250
0.181
0.167
0.159
0.180
0.091
0.099
0.085
0.085
0.105
0.084
0.103
0.076
0.100
0.087
0.161
0.146
0.170
0.189
0.189
0.151
0.141
0.125
0.109
0.111
0.123
0.092
0.088
0.089
0.097
0.082
0.078
0.084
0.107
0.100
0.109
0.122
0.115
0.115
0.103
0.106
0.111
0.100
0.083
0.108
0.098
0.118
0.126
0.058
0.064
0.065
0.065
0.133
0.127
0.146
0.153
0.175
0.179
0.145
0.130
0.285
0.215
0.228
0.265
0.387
0.284
0.251
0.188
0.227
0.211
0.288
0.290
0.224
0.081
0.097
0.104
0.122
0.142
0.133
0.133
0.120
0.116
0.103
0.161
0.171
0.147
0.139
0.194
0.227
0.138
0.159
0.109
0.096
0.107
0.122
0.124
0.116
0.085
0.092
0.099
0.092
0.080
0.110
0.132
0.107
0.118
0.102
0.102
0.138
0.130
0.154
0.132
0.116
0.173
0.156
0.205
0.194
0.169
0.146
0.084
