48.900
51.250
47.500
50.450
52.550
47.200
47.750
43.050
53.100
52.450
47.250
51.450
49.050
44.650
42.600
44.550
42.350
47.900
45.600
47.000
45.850
45.550
47.200
47.100
46.600
44.650
45.750
48.050
45.850
50.200
50.350
56.800
52.700
51.300
48.750
51.500
50.600
56.750
48.200
48.900
48.150
49.150
45.850
46.450
52.250
50.050
49.650
47.850
44.900
49.350
50.100
45.900
46.750
47.350
45.950
46.800
44.800
44.750
41.250
47.650
42.950
43.250
44.750
48.500
44.250
39.950
37.700
45.350
45.900
47.950
45.800
46.250
48.650
49.500
45.500
47.000
47.100
46.900
44.350
44.750
47.900
45.200
49.000
48.100
49.500
47.450
47.200
47.450
47.500
49.400
50.900
49.550
47.750
45.600
46.750
50.550
43.900
44.000
44.200
45.750
45.950
44.300
35.750
46.450
46.650
43.750
44.150
45.500
47.500
42.800
44.500
45.250
49.600
49.600
46.600
44.750
48.250
49.200
42.200
42.850
42.250
41.300
43.550
43.250
44.450
45.600
42.450
42.000
42.300
45.000
44.300
44.750
51.300
52.650
47.900
48.000
46.600
46.950
39.950
39.500
38.750
38.850
40.850
42.000
43.650
44.150
49.550
47.100
48.450
46.950
45.800
50.450
46.100
47.750
47.200
48.650
47.750
49.550
48.500
45.250
46.200
48.650
48.400
45.350
45.800
43.650
47.050
48.750
48.400
47.500
46.100
44.150
48.750
46.800
45.850
45.950
43.300
45.500
47.400
45.400
43.650
49.200
50.750
46.700
49.500
44.550
44.750
44.850
45.550
46.650
48.350
45.750
43.650
53.650
50.250
50.250
52.550
54.500
53.100
51.200
47.250
50.300
50.050
54.450
52.350
51.000
38.700
45.950
46.000
46.600
47.300
46.500
47.800
49.300
46.500
46.850
46.700
48.300
46.250
45.200
48.850
52.000
46.100
47.450
46.700
44.500
46.750
48.400
47.150
49.450
44.850
44.950
44.250
45.250
46.350
44.650
44.950
44.600
43.850
45.400
44.250
44.050
44.800
45.450
44.950
44.700
46.500
46.100
47.750
47.100
45.150
43.900
42.450
