37.850
40.650
38.700
39.150
41.050
36.200
37.400
32.150
42.450
41.850
37.050
41.300
38.750
34.050
31.650
34.600
31.800
40.900
36.450
37.150
36.450
35.800
38.600
38.650
36.250
33.950
35.550
37.250
34.700
40.000
40.250
46.050
41.600
41.250
39.000
40.950
40.300
46.300
39.100
40.700
39.500
40.600
33.300
33.850
40.500
38.500
37.850
37.100
33.950
37.150
38.350
34.300
38.900
39.300
37.300
38.450
33.550
33.350
30.200
37.250
35.250
34.850
37.600
42.450
35.700
28.050
25.400
37.800
38.150
41.350
37.900
37.950
37.350
38.900
34.900
37.150
37.850
38.200
36.250
36.100
38.100
34.650
39.350
39.100
39.700
38.000
38.700
38.250
38.200
39.550
40.750
39.500
35.650
32.900
36.700
39.150
34.050
33.500
34.850
36.650
34.950
33.850
22.600
36.850
37.650
33.800
33.400
34.550
37.100
32.850
33.550
33.650
39.050
39.250
34.600
33.250
37.050
37.950
32.450
34.150
33.000
32.100
33.700
32.900
36.450
38.150
33.150
32.050
33.450
35.000
34.450
35.050
45.450
47.250
40.750
40.750
39.600
40.500
29.250
29.350
27.700
27.400
30.850
30.750
33.150
32.850
39.200
36.450
41.200
39.050
38.350
44.100
39.350
39.800
39.100
40.050
38.650
40.350
39.900
34.850
35.650
38.450
38.750
33.200
33.450
31.950
36.700
38.100
38.550
38.150
35.550
34.250
38.250
36.600
35.750
35.250
33.450
36.750
37.800
36.650
35.450
37.150
38.950
34.950
37.500
36.350
36.750
37.250
37.300
39.750
42.150
38.200
35.350
48.500
44.500
44.600
47.300
49.750
48.000
45.550
40.500
44.550
43.800
49.300
47.150
45.250
27.100
35.900
36.250
37.550
39.300
38.000
39.400
40.200
37.250
37.150
39.500
41.200
38.250
36.950
42.450
46.350
37.900
40.050
37.350
34.600
37.300
39.650
38.450
40.400
35.550
35.550
35.200
36.050
36.950
35.750
36.700
35.800
34.950
36.000
34.450
35.600
36.200
37.200
35.950
35.400
39.700
39.100
41.800
40.650
37.750
35.900
31.300
