6.300
5.850
4.050
6.550
6.750
6.250
5.600
6.150
5.900
5.850
5.450
5.400
5.550
5.850
6.200
5.200
5.800
2.250
4.400
5.100
4.650
5.000
3.850
3.700
5.600
5.950
5.450
6.050
6.400
5.450
5.350
6.000
6.350
5.300
5.000
5.800
5.550
5.700
4.350
3.450
3.900
3.800
7.800
7.850
7.000
6.800
7.050
6.000
6.200
7.450
7.000
6.850
3.100
3.300
3.900
3.600
6.500
6.650
6.300
5.650
2.950
3.650
2.400
1.300
3.800
7.150
7.550
2.800
3.000
1.850
3.150
3.550
6.550
5.850
5.850
5.100
4.500
3.950
3.350
3.900
5.050
5.800
4.900
4.250
5.050
4.700
3.750
4.450
4.550
5.100
5.400
5.300
7.350
7.950
5.300
6.650
5.100
5.750
4.600
4.350
6.250
5.700
8.400
4.850
4.250
5.200
6.000
6.200
5.650
5.200
6.200
6.850
5.800
5.600
7.250
6.750
6.450
6.500
5.000
3.950
4.500
4.450
5.100
5.600
3.250
2.700
4.550
5.200
4.100
5.250
5.100
4.950
1.100
0.650
2.400
2.500
2.250
1.700
5.950
5.400
6.300
6.700
5.250
6.500
5.750
6.550
5.600
5.900
2.500
3.150
2.700
1.600
2.000
3.200
3.350
3.850
4.350
4.450
3.850
5.650
5.800
5.450
4.900
7.400
7.600
6.950
5.600
5.900
5.100
4.600
5.800
5.150
5.750
5.450
5.350
5.950
5.100
4.000
4.850
4.000
3.450
7.300
7.050
7.000
7.250
3.450
3.250
2.850
3.500
2.150
1.450
2.800
3.550
0.400
1.000
0.900
0.500
0.000
0.350
0.900
2.000
1.000
1.500
0.400
0.450
1.000
6.850
5.300
5.000
4.300
3.250
3.750
3.650
4.350
4.500
4.950
2.450
2.350
3.250
3.500
1.650
0.900
3.450
2.650
4.600
5.150
4.700
4.000
3.950
4.300
4.550
4.650
4.300
4.450
4.650
4.150
3.500
4.050
4.150
4.650
5.050
3.700
3.850
3.500
4.250
4.550
2.050
2.250
1.200
1.700
2.650
3.250
6.400
