0.000
0.050
0.100
0.150
0.200
0.250
0.300
0.350
0.400
0.450
0.500
0.550
0.600
0.650
0.700
0.750
0.800
0.850
0.900
0.950
1.000
1.050
1.100
1.150
1.200
1.250
1.300
1.350
1.400
1.450
1.500
1.550
1.600
1.650
1.700
1.750
1.800
1.850
1.900
1.950
2.000
2.050
2.100
2.150
2.200
2.250
2.300
2.350
2.400
2.450
2.500
2.550
2.600
2.650
2.700
2.750
2.800
2.850
2.900
2.950
3.000
3.050
3.100
3.150
3.200
3.250
3.300
3.350
3.400
3.450
3.500
3.550
3.600
3.650
3.700
3.750
3.800
3.850
3.900
3.950
4.000
4.050
4.100
4.150
4.200
4.250
4.300
4.350
4.400
4.450
4.500
4.550
4.600
4.650
4.700
4.750
4.800
4.850
4.900
4.950
5.000
5.050
5.100
5.150
5.200
5.250
5.300
5.350
5.400
5.450
5.500
5.550
5.600
5.650
5.700
5.750
5.800
5.850
5.900
5.950
6.000
6.050
6.100
6.150
6.200
6.250
6.300
6.350
6.400
6.450
6.500
6.550
6.600
6.650
6.700
6.750
6.800
6.850
6.900
6.950
7.000
7.050
7.100
7.150
7.200
7.250
7.300
7.350
7.400
7.450
7.500
7.550
7.600
7.650
7.700
7.750
7.800
7.850
7.900
7.950
8.000
8.050
8.100
8.150
8.200
8.250
8.300
8.350
8.400
8.450
8.500
8.550
8.600
8.650
8.700
8.750
8.800
8.850
8.900
8.950
9.000
9.050
9.100
9.150
9.200
9.250
9.300
9.350
9.400
9.450
9.500
9.550
9.600
9.650
9.700
9.750
9.800
9.850
9.900
9.950
10.000
10.050
10.100
10.150
10.200
10.250
10.300
10.350
10.400
10.450
10.500
10.550
10.600
10.650
10.700
10.750
10.800
10.850
10.900
10.950
11.000
11.050
11.100
11.150
11.200
11.250
11.300
11.350
11.400
11.450
11.500
11.550
11.600
11.650
11.700
11.750
11.800
11.850
11.900
11.950
12.000
12.050
12.100
12.150
12.200
12.250
12.300
12.350
12.400
12.450
12.500
12.550
12.600
12.650
12.700
12.750
12.800
12.850
12.900
12.950
13.000
13.050
13.100
13.150
13.200
13.250
13.300
13.350
13.400
13.450
13.500
13.550
13.600
13.650
13.700
13.750
13.800
13.850
13.900
13.950
14.000
14.050
14.100
14.150
14.200
14.250
14.300
14.350
14.400
14.450
14.500
14.550
14.600
14.650
14.700
14.750
14.800
14.850
14.900
14.950
15.000
15.050
15.100
15.150
15.200
15.250
15.300
15.350
15.400
15.450
15.500
15.550
15.600
15.650
15.700
15.750
15.800
15.850
15.900
15.950
16.000
16.050
16.100
16.150
16.200
16.250
16.300
16.350
16.400
16.450
16.500
16.550
16.600
16.650
16.700
16.750
16.800
16.850
16.900
16.950
17.000
17.050
17.100
17.150
17.200
17.250
17.300
17.350
17.400
17.450
17.500
17.550
17.600
17.650
17.700
17.750
17.800
17.850
17.900
17.950
18.000
18.050
18.100
18.150
18.200
18.250
18.300
18.350
18.400
18.450
18.500
18.550
18.600
18.650
18.700
18.750
18.800
18.850
18.900
18.950
19.000
19.050
19.100
19.150
19.200
19.250
19.300
19.350
19.400
19.450
19.500
19.550
19.600
19.650
19.700
19.750
19.800
19.850
19.900
19.950
20.000
20.050
20.100
20.150
20.200
20.250
20.300
20.350
20.400
20.450
20.500
20.550
20.600
20.650
20.700
20.750
20.800
20.850
20.900
20.950
21.000
21.050
21.100
21.150
21.200
21.250
21.300
21.350
21.400
21.450
21.500
21.550
21.600
21.650
21.700
21.750
21.800
21.850
21.900
21.950
22.000
22.050
22.100
22.150
22.200
22.250
22.300
22.350
22.400
22.450
22.500
22.550
22.600
22.650
22.700
22.750
22.800
22.850
22.900
22.950
23.000
23.050
23.100
23.150
23.200
23.250
23.300
23.350
23.400
23.450
23.500
23.550
23.600
23.650
23.700
23.750
23.800
23.850
23.900
23.950
24.000
24.050
24.100
24.150
24.200
24.250
24.300
24.350
24.400
24.450
24.500
24.550
24.600
24.650
24.700
24.750
24.800
24.850
24.900
24.950
25.000
25.050
25.100
25.150
25.200
25.250
25.300
25.350
25.400
25.450
25.500
25.550
25.600
25.650
25.700
25.750
25.800
25.850
25.900
25.950
26.000
26.050
26.100
26.150
26.200
26.250
26.300
26.350
26.400
26.450
26.500
26.550
26.600
26.650
26.700
26.750
26.800
26.850
26.900
26.950
27.000
27.050
27.100
27.150
27.200
27.250
27.300
27.350
27.400
27.450
27.500
27.550
27.600
27.650
27.700
27.750
27.800
27.850
27.900
27.950
28.000
28.050
28.100
28.150
28.200
28.250
28.300
28.350
28.400
28.450
28.500
28.550
28.600
28.650
28.700
28.750
28.800
28.850
28.900
28.950
29.000
29.050
29.100
29.150
29.200
29.250
29.300
29.350
29.400
29.450
29.500
29.550
29.600
29.650
29.700
29.750
29.800
29.850
29.900
29.950
30.000
30.050
30.100
30.150
30.200
30.250
30.300
30.350
30.400
30.450
30.500
30.550
30.600
30.650
30.700
30.750
30.800
30.850
30.900
30.950
31.000
31.050
31.100
31.150
31.200
31.250
31.300
31.350
31.400
31.450
31.500
31.550
31.600
31.650
31.700
31.750
31.800
31.850
31.900
31.950
32.000
32.050
32.100
32.150
32.200
32.250
32.300
32.350
32.400
32.450
32.500
32.550
32.600
32.650
32.700
32.750
32.800
32.850
32.900
32.950
33.000
33.050
33.100
33.150
33.200
33.250
33.300
33.350
33.400
33.450
33.500
33.550
33.600
33.650
33.700
33.750
33.800
33.850
33.900
33.950
34.000
34.050
34.100
34.150
34.200
34.250
34.300
34.350
34.400
34.450
34.500
34.550
34.600
34.650
34.700
34.750
34.800
34.850
34.900
34.950
35.000
35.050
35.100
35.150
35.200
35.250
35.300
35.350
35.400
35.450
35.500
35.550
35.600
35.650
35.700
35.750
35.800
35.850
35.900
35.950
36.000
36.050
36.100
36.150
36.200
36.250
36.300
36.350
36.400
36.450
36.500
36.550
36.600
36.650
36.700
36.750
36.800
36.850
36.900
36.950
37.000
37.050
37.100
37.150
37.200
37.250
37.300
37.350
37.400
37.450
37.500
37.550
37.600
37.650
37.700
37.750
37.800
37.850
37.900
37.950
38.000
38.050
38.100
38.150
38.200
38.250
38.300
38.350
38.400
38.450
38.500
38.550
38.600
38.650
38.700
38.750
38.800
38.850
38.900
38.950
39.000
39.050
39.100
39.150
39.200
39.250
39.300
39.350
39.400
39.450
39.500
39.550
39.600
39.650
39.700
39.750
39.800
39.850
39.900
39.950
40.000
40.050
40.100
40.150
40.200
40.250
40.300
40.350
40.400
40.450
40.500
40.550
40.600
40.650
40.700
40.750
40.800
40.850
40.900
40.950
41.000
41.050
41.100
41.150
41.200
41.250
41.300
41.350
41.400
41.450
41.500
41.550
41.600
41.650
41.700
41.750
41.800
41.850
41.900
41.950
42.000
42.050
42.100
42.150
42.200
42.250
42.300
42.350
42.400
42.450
42.500
42.550
42.600
42.650
42.700
42.750
42.800
42.850
42.900
42.950
43.000
43.050
43.100
43.150
43.200
43.250
43.300
43.350
43.400
43.450
43.500
43.550
43.600
43.650
43.700
43.750
43.800
43.850
43.900
43.950
44.000
44.050
44.100
44.150
44.200
44.250
44.300
44.350
44.400
44.450
44.500
44.550
44.600
44.650
44.700
44.750
44.800
44.850
44.900
44.950
45.000
45.050
45.100
45.150
45.200
45.250
45.300
45.350
45.400
45.450
45.500
45.550
45.600
45.650
45.700
45.750
45.800
45.850
45.900
45.950
46.000
46.050
46.100
46.150
46.200
46.250
46.300
46.350
46.400
46.450
46.500
46.550
46.600
46.650
46.700
46.750
46.800
46.850
46.900
46.950
47.000
47.050
47.100
47.150
47.200
47.250
47.300
47.350
47.400
47.450
47.500
47.550
47.600
47.650
47.700
47.750
47.800
47.850
47.900
47.950
48.000
48.050
48.100
48.150
48.200
48.250
48.300
48.350
48.400
48.450
48.500
48.550
48.600
48.650
48.700
48.750
48.800
48.850
48.900
48.950
49.000
49.050
49.100
49.150
49.200
49.250
49.300
49.350
49.400
49.450
49.500
49.550
49.600
49.650
49.700
49.750
49.800
49.850
49.900
49.950
50.000
50.050
50.100
50.150
50.200
50.250
50.300
50.350
50.400
50.450
50.500
50.550
50.600
50.650
50.700
50.750
50.800
50.850
50.900
50.950
51.000
51.050
51.100
51.150
51.200
51.250
51.300
51.350
51.400
51.450
51.500
51.550
51.600
51.650
51.700
51.750
51.800
51.850
51.900
51.950
52.000
52.050
52.100
52.150
52.200
52.250
52.300
52.350
52.400
52.450
52.500
52.550
52.600
52.650
52.700
52.750
52.800
52.850
52.900
52.950
53.000
53.050
53.100
53.150
53.200
53.250
53.300
53.350
53.400
53.450
53.500
53.550
53.600
53.650
53.700
53.750
53.800
53.850
53.900
53.950
54.000
54.050
54.100
54.150
54.200
54.250
54.300
54.350
54.400
54.450
54.500
54.550
54.600
54.650
54.700
54.750
54.800
54.850
54.900
54.950
55.000
55.050
55.100
55.150
55.200
55.250
55.300
55.350
55.400
55.450
55.500
55.550
55.600
55.650
55.700
55.750
55.800
55.850
55.900
55.950
56.000
56.050
56.100
56.150
56.200
56.250
56.300
56.350
56.400
56.450
56.500
56.550
56.600
56.650
56.700
56.750
56.800
56.850
56.900
56.950
57.000
57.050
57.100
57.150
57.200
57.250
57.300
57.350
57.400
57.450
57.500
57.550
57.600
57.650
57.700
57.750
57.800
57.850
57.900
57.950
58.000
58.050
58.100
58.150
58.200
58.250
58.300
58.350
58.400
58.450
58.500
58.550
58.600
58.650
58.700
58.750
58.800
58.850
58.900
58.950
59.000
59.050
59.100
59.150
59.200
59.250
59.300
59.350
59.400
59.450
59.500
59.550
59.600
59.650
59.700
59.750
59.800
59.850
59.900
59.950
60.000
60.050
60.100
60.150
60.200
60.250
60.300
60.350
60.400
60.450
60.500
60.550
60.600
60.650
60.700
60.750
60.800
60.850
60.900
60.950
61.000
61.050
61.100
61.150
61.200
61.250
61.300
61.350
61.400
61.450
61.500
61.550
61.600
61.650
61.700
61.750
61.800
61.850
61.900
61.950
62.000
62.050
62.100
62.150
62.200
62.250
62.300
62.350
62.400
62.450
62.500
62.550
62.600
62.650
62.700
62.750
62.800
62.850
62.900
62.950
63.000
63.050
63.100
63.150
63.200
63.250
63.300
63.350
63.400
63.450
63.500
63.550
63.600
63.650
63.700
63.750
63.800
63.850
63.900
63.950
64.000
64.050
64.100
64.150
64.200
64.250
64.300
64.350
64.400
64.450
64.500
64.550
64.600
64.650
64.700
64.750
64.800
64.850
64.900
64.950
65.000
65.050
65.100
65.150
65.200
65.250
65.300
65.350
65.400
65.450
65.500
65.550
65.600
65.650
65.700
65.750
65.800
65.850
65.900
65.950
66.000
66.050
66.100
66.150
66.200
66.250
66.300
66.350
66.400
66.450
66.500
66.550
66.600
66.650
66.700
66.750
66.800
66.850
66.900
66.950
67.000
67.050
67.100
67.150
67.200
67.250
67.300
67.350
67.400
67.450
67.500
67.550
67.600
67.650
67.700
67.750
67.800
67.850
67.900
67.950
68.000
68.050
68.100
68.150
68.200
68.250
68.300
68.350
68.400
68.450
68.500
68.550
68.600
68.650
68.700
68.750
68.800
68.850
68.900
68.950
69.000
69.050
69.100
69.150
69.200
69.250
69.300
69.350
69.400
69.450
69.500
69.550
69.600
69.650
69.700
69.750
69.800
69.850
69.900
69.950
70.000
70.050
70.100
70.150
70.200
70.250
70.300
70.350
70.400
70.450
70.500
70.550
70.600
70.650
70.700
70.750
70.800
70.850
70.900
70.950
71.000
71.050
71.100
71.150
71.200
71.250
71.300
71.350
71.400
71.450
71.500
71.550
71.600
71.650
71.700
71.750
71.800
71.850
71.900
71.950
72.000
72.050
72.100
72.150
72.200
72.250
72.300
72.350
72.400
72.450
72.500
72.550
72.600
72.650
72.700
72.750
72.800
72.850
72.900
72.950
73.000
73.050
73.100
73.150
73.200
73.250
73.300
73.350
73.400
73.450
73.500
73.550
73.600
73.650
73.700
73.750
73.800
73.850
73.900
73.950
74.000
74.050
74.100
74.150
74.200
74.250
74.300
74.350
74.400
74.450
74.500
74.550
74.600
74.650
74.700
74.750
74.800
74.850
74.900
74.950
75.000
75.050
75.100
75.150
75.200
75.250
75.300
75.350
75.400
75.450
75.500
75.550
75.600
75.650
75.700
75.750
75.800
75.850
75.900
75.950
76.000
76.050
76.100
76.150
76.200
76.250
76.300
76.350
76.400
76.450
76.500
76.550
76.600
76.650
76.700
76.750
76.800
76.850
76.900
76.950
77.000
77.050
77.100
77.150
77.200
77.250
77.300
77.350
77.400
77.450
77.500
77.550
77.600
77.650
77.700
77.750
77.800
77.850
77.900
77.950
78.000
78.050
78.100
78.150
78.200
78.250
78.300
78.350
78.400
78.450
78.500
78.550
78.600
78.650
78.700
78.750
78.800
78.850
78.900
78.950
79.000
79.050
79.100
79.150
79.200
79.250
79.300
79.350
79.400
79.450
79.500
79.550
79.600
79.650
79.700
79.750
79.800
79.850
79.900
79.950
80.000
80.050
80.100
80.150
80.200
80.250
80.300
80.350
80.400
80.450
80.500
80.550
80.600
80.650
80.700
80.750
80.800
80.850
80.900
80.950
81.000
81.050
81.100
81.150
81.200
81.250
81.300
81.350
81.400
81.450
81.500
81.550
81.600
81.650
81.700
81.750
81.800
81.850
81.900
81.950
82.000
82.050
82.100
82.150
82.200
82.250
82.300
82.350
82.400
82.450
82.500
82.550
82.600
82.650
82.700
82.750
82.800
82.850
82.900
82.950
83.000
83.050
83.100
83.150
83.200
83.250
83.300
83.350
83.400
83.450
83.500
83.550
83.600
83.650
83.700
83.750
83.800
83.850
83.900
83.950
84.000
84.050
84.100
84.150
84.200
84.250
84.300
84.350
84.400
84.450
84.500
84.550
84.600
84.650
84.700
84.750
84.800
84.850
84.900
84.950
85.000
85.050
85.100
85.150
85.200
85.250
85.300
85.350
85.400
85.450
85.500
85.550
85.600
85.650
85.700
85.750
85.800
85.850
85.900
85.950
86.000
86.050
86.100
86.150
86.200
86.250
86.300
86.350
86.400
86.450
86.500
86.550
86.600
86.650
86.700
86.750
86.800
86.850
86.900
86.950
87.000
87.050
87.100
87.150
87.200
87.250
87.300
87.350
87.400
87.450
87.500
87.550
87.600
87.650
87.700
87.750
87.800
87.850
87.900
87.950
88.000
88.050
88.100
88.150
88.200
88.250
88.300
88.350
88.400
88.450
88.500
88.550
88.600
88.650
88.700
88.750
88.800
88.850
88.900
88.950
89.000
89.050
89.100
89.150
89.200
89.250
89.300
89.350
89.400
89.450
89.500
89.550
89.600
89.650
89.700
89.750
89.800
89.850
89.900
89.950
90.000
90.050
90.100
90.150
90.200
90.250
90.300
90.350
90.400
90.450
90.500
90.550
90.600
90.650
90.700
90.750
90.800
90.850
90.900
90.950
91.000
91.050
91.100
91.150
91.200
91.250
91.300
91.350
91.400
91.450
91.500
91.550
91.600
91.650
91.700
91.750
91.800
91.850
91.900
91.950
92.000
92.050
92.100
92.150
92.200
92.250
92.300
92.350
92.400
92.450
92.500
92.550
92.600
92.650
92.700
92.750
92.800
92.850
92.900
92.950
93.000
93.050
93.100
93.150
93.200
93.250
93.300
93.350
93.400
93.450
93.500
93.550
93.600
93.650
93.700
93.750
93.800
93.850
93.900
93.950
94.000
94.050
94.100
94.150
94.200
94.250
94.300
94.350
94.400
94.450
94.500
94.550
94.600
94.650
94.700
94.750
94.800
94.850
94.900
94.950
95.000
95.050
95.100
95.150
95.200
95.250
95.300
95.350
95.400
95.450
95.500
95.550
95.600
95.650
95.700
95.750
95.800
95.850
95.900
95.950
96.000
96.050
96.100
96.150
96.200
96.250
96.300
96.350
96.400
96.450
96.500
96.550
96.600
96.650
96.700
96.750
96.800
96.850
96.900
96.950
97.000
97.050
97.100
97.150
97.200
97.250
97.300
97.350
97.400
97.450
97.500
97.550
97.600
97.650
97.700
97.750
97.800
97.850
97.900
97.950
98.000
98.050
98.100
98.150
98.200
98.250
98.300
98.350
98.400
98.450
98.500
98.550
98.600
98.650
98.700
98.750
98.800
98.850
98.900
98.950
99.000
99.050
99.100
99.150
99.200
99.250
99.300
99.350
99.400
99.450
99.500
99.550
99.600
99.650
99.700
99.750
99.800
99.850
99.900
99.950
100.000
100.050
100.100
100.150
100.200
100.250
100.300
100.350
100.400
100.450
100.500
100.550
100.600
100.650
100.700
100.750
100.800
100.850
100.900
100.950
101.000
101.050
101.100
101.150
101.200
101.250
101.300
101.350
101.400
101.450
101.500
101.550
101.600
101.650
101.700
101.750
101.800
101.850
101.900
101.950
102.000
102.050
102.100
102.150
102.200
102.250
102.300
102.350
102.400
102.450
102.500
102.550
102.600
102.650
102.700
102.750
102.800
102.850
102.900
102.950
103.000
103.050
103.100
103.150
103.200
103.250
103.300
103.350
103.400
103.450
103.500
103.550
103.600
103.650
103.700
103.750
103.800
103.850
103.900
103.950
104.000
104.050
104.100
104.150
104.200
104.250
104.300
104.350
104.400
104.450
104.500
104.550
104.600
104.650
104.700
104.750
104.800
104.850
104.900
104.950
105.000
105.050
105.100
105.150
105.200
105.250
105.300
105.350
105.400
105.450
105.500
105.550
105.600
105.650
105.700
105.750
105.800
105.850
105.900
105.950
106.000
106.050
106.100
106.150
106.200
106.250
106.300
106.350
106.400
106.450
106.500
106.550
106.600
106.650
106.700
106.750
106.800
106.850
106.900
106.950
107.000
107.050
107.100
107.150
107.200
107.250
107.300
107.350
107.400
107.450
107.500
107.550
107.600
107.650
107.700
107.750
107.800
107.850
107.900
107.950
108.000
108.050
108.100
108.150
108.200
108.250
108.300
108.350
108.400
108.450
108.500
108.550
108.600
108.650
108.700
108.750
108.800
108.850
108.900
108.950
109.000
109.050
109.100
109.150
109.200
109.250
109.300
109.350
109.400
109.450
109.500
109.550
109.600
109.650
109.700
109.750
109.800
109.850
109.900
109.950
110.000
110.050
110.100
110.150
110.200
110.250
110.300
110.350
110.400
110.450
110.500
110.550
110.600
110.650
110.700
110.750
110.800
110.850
110.900
110.950
111.000
111.050
111.100
111.150
111.200
111.250
111.300
111.350
111.400
111.450
111.500
111.550
111.600
111.650
111.700
111.750
111.800
111.850
111.900
111.950
112.000
112.050
112.100
112.150
112.200
112.250
112.300
112.350
112.400
112.450
112.500
112.550
112.600
112.650
112.700
112.750
112.800
112.850
112.900
112.950
113.000
113.050
113.100
113.150
113.200
113.250
113.300
113.350
113.400
113.450
113.500
113.550
113.600
113.650
113.700
113.750
113.800
113.850
113.900
113.950
114.000
114.050
114.100
114.150
114.200
114.250
114.300
114.350
114.400
114.450
114.500
114.550
114.600
114.650
114.700
114.750
114.800
114.850
114.900
114.950
115.000
115.050
115.100
115.150
115.200
115.250
115.300
115.350
115.400
115.450
115.500
115.550
115.600
115.650
115.700
115.750
115.800
115.850
115.900
115.950
116.000
116.050
116.100
116.150
116.200
116.250
116.300
116.350
116.400
116.450
116.500
116.550
116.600
116.650
116.700
116.750
116.800
116.850
116.900
116.950
117.000
117.050
117.100
117.150
117.200
117.250
117.300
117.350
117.400
117.450
117.500
117.550
117.600
117.650
117.700
117.750
117.800
117.850
117.900
117.950
118.000
118.050
118.100
118.150
118.200
118.250
118.300
118.350
118.400
118.450
118.500
118.550
118.600
118.650
118.700
118.750
118.800
118.850
118.900
118.950
119.000
119.050
119.100
119.150
119.200
119.250
119.300
119.350
119.400
119.450
119.500
119.550
119.600
119.650
119.700
119.750
119.800
119.850
119.900
119.950
120.000
120.050
120.100
120.150
120.200
120.250
120.300
120.350
120.400
120.450
120.500
120.550
120.600
120.650
120.700
120.750
120.800
120.850
120.900
120.950
121.000
121.050
121.100
121.150
121.200
121.250
121.300
121.350
121.400
121.450
121.500
121.550
121.600
121.650
121.700
121.750
121.800
121.850
121.900
121.950
122.000
122.050
122.100
122.150
122.200
122.250
122.300
122.350
122.400
122.450
122.500
122.550
122.600
122.650
122.700
122.750
122.800
122.850
122.900
122.950
123.000
123.050
123.100
123.150
123.200
123.250
123.300
123.350
123.400
123.450
123.500
123.550
123.600
123.650
123.700
123.750
123.800
123.850
123.900
123.950
124.000
124.050
124.100
124.150
124.200
124.250
124.300
124.350
124.400
124.450
124.500
124.550
124.600
124.650
124.700
124.750
124.800
124.850
124.900
124.950
125.000
125.050
125.100
125.150
125.200
125.250
125.300
125.350
125.400
125.450
125.500
125.550
125.600
125.650
125.700
125.750
125.800
125.850
125.900
125.950
126.000
126.050
126.100
126.150
126.200
126.250
126.300
126.350
126.400
126.450
126.500
126.550
126.600
126.650
126.700
126.750
126.800
126.850
126.900
126.950
127.000
127.050
127.100
127.150
127.200
127.250
127.300
127.350
127.400
127.450
127.500
127.550
127.600
127.650
127.700
127.750
127.800
127.850
127.900
127.950
128.000
128.050
128.100
128.150
128.200
128.250
128.300
128.350
128.400
128.450
128.500
128.550
128.600
128.650
128.700
128.750
128.800
128.850
128.900
128.950
129.000
129.050
129.100
129.150
129.200
129.250
129.300
129.350
129.400
129.450
129.500
129.550
129.600
129.650
129.700
129.750
129.800
129.850
129.900
129.950
130.000
130.050
130.100
130.150
130.200
130.250
130.300
130.350
130.400
130.450
130.500
130.550
130.600
130.650
130.700
130.750
130.800
130.850
130.900
130.950
131.000
131.050
131.100
131.150
131.200
131.250
131.300
131.350
131.400
131.450
131.500
131.550
131.600
131.650
131.700
131.750
131.800
131.850
131.900
131.950
132.000
132.050
132.100
132.150
132.200
132.250
132.300
132.350
132.400
132.450
132.500
132.550
132.600
132.650
132.700
132.750
132.800
132.850
132.900
132.950
133.000
133.050
133.100
133.150
133.200
133.250
133.300
133.350
133.400
133.450
133.500
133.550
133.600
133.650
133.700
133.750
133.800
133.850
133.900
133.950
134.000
134.050
134.100
134.150
134.200
134.250
134.300
134.350
134.400
134.450
134.500
134.550
134.600
134.650
134.700
134.750
134.800
134.850
134.900
134.950
135.000
135.050
135.100
135.150
135.200
135.250
135.300
135.350
135.400
135.450
135.500
135.550
135.600
135.650
135.700
135.750
135.800
135.850
135.900
135.950
136.000
136.050
136.100
136.150
136.200
136.250
136.300
136.350
136.400
136.450
136.500
136.550
136.600
136.650
136.700
136.750
136.800
136.850
136.900
136.950
137.000
137.050
137.100
137.150
137.200
137.250
137.300
137.350
137.400
137.450
137.500
137.550
137.600
137.650
137.700
137.750
137.800
137.850
137.900
137.950
138.000
138.050
138.100
138.150
138.200
138.250
138.300
138.350
138.400
138.450
138.500
138.550
138.600
138.650
138.700
138.750
138.800
138.850
138.900
138.950
139.000
139.050
139.100
139.150
139.200
139.250
139.300
139.350
139.400
139.450
139.500
139.550
139.600
139.650
139.700
139.750
139.800
139.850
139.900
139.950
140.000
140.050
140.100
140.150
140.200
140.250
140.300
140.350
140.400
140.450
140.500
140.550
140.600
140.650
140.700
140.750
140.800
140.850
140.900
140.950
141.000
141.050
141.100
141.150
141.200
141.250
141.300
141.350
141.400
141.450
141.500
141.550
141.600
141.650
141.700
141.750
141.800
141.850
141.900
141.950
142.000
142.050
142.100
142.150
142.200
142.250
142.300
142.350
142.400
142.450
142.500
142.550
142.600
142.650
142.700
142.750
142.800
142.850
142.900
142.950
143.000
143.050
143.100
143.150
143.200
143.250
143.300
143.350
143.400
143.450
143.500
143.550
143.600
143.650
143.700
143.750
143.800
143.850
143.900
143.950
144.000
144.050
144.100
144.150
144.200
144.250
144.300
144.350
144.400
144.450
144.500
144.550
144.600
144.650
144.700
144.750
144.800
144.850
144.900
144.950
145.000
145.050
145.100
145.150
145.200
145.250
145.300
145.350
145.400
145.450
145.500
145.550
145.600
145.650
145.700
145.750
145.800
145.850
145.900
145.950
146.000
146.050
146.100
146.150
146.200
146.250
146.300
146.350
146.400
146.450
146.500
146.550
146.600
146.650
146.700
146.750
146.800
146.850
146.900
146.950
147.000
147.050
147.100
147.150
147.200
147.250
147.300
147.350
147.400
147.450
147.500
147.550
147.600
147.650
147.700
147.750
147.800
147.850
147.900
147.950
148.000
148.050
148.100
148.150
148.200
148.250
148.300
148.350
148.400
148.450
148.500
148.550
148.600
148.650
148.700
148.750
148.800
148.850
148.900
148.950
149.000
149.050
149.100
149.150
149.200
149.250
149.300
149.350
149.400
149.450
149.500
149.550
149.600
149.650
149.700
149.750
149.800
149.850
149.900
149.950
150.000
