2.679354838709677722e+01
2.878064516129032313e+01
2.863870967741935658e+01
2.679354838709677722e+01
2.920645161290322278e+01
2.594193548387097081e+01
2.636774193548387046e+01
2.721935483870967687e+01
2.636774193548387046e+01
2.821290322580644983e+01
3.119354838709677580e+01
3.232903225806451530e+01
3.232903225806451530e+01
3.161935483870967545e+01
3.105161290322580925e+01
3.034193548387096939e+01
3.289677419354838861e+01
3.516774193548387473e+01
3.318064516129032171e+01
3.346451612903226192e+01
3.360645161290322847e+01
3.289677419354838861e+01
3.559354838709677438e+01
3.616129032258064768e+01
3.332258064516128826e+01
3.176129032258064200e+01
3.346451612903226192e+01
3.232903225806451530e+01
3.587741935483870748e+01
3.800645161290322704e+01
3.502580645161290107e+01
3.587741935483870748e+01
3.389032258064516157e+01
3.516774193548387473e+01
3.176129032258064200e+01
3.403225806451612812e+01
3.559354838709677438e+01
3.630322580645161423e+01
3.814838709677419359e+01
3.786451612903226049e+01
nan
nan
5.830322580645161423e+01
nan
nan
3.502580645161290107e+01
3.743870967741935374e+01
nan
3.502580645161290107e+01
3.090967741935483559e+01
nan
3.701290322580645409e+01
3.545161290322580783e+01
3.644516129032258078e+01
3.460000000000000142e+01
3.530967741935484128e+01
3.530967741935484128e+01
3.516774193548387473e+01
3.559354838709677438e+01
4.127096774193548612e+01
4.510322580645161139e+01
3.985161290322580641e+01
nan
nan
nan
4.212258064516128542e+01
4.794193548387097081e+01
6.043225806451612669e+01
4.325806451612903203e+01
4.439354838709677864e+01
3.644516129032258078e+01
3.658709677419354733e+01
3.474193548387096797e+01
3.460000000000000142e+01
3.715483870967742064e+01
3.658709677419354733e+01
3.530967741935484128e+01
3.587741935483870748e+01
3.885806451612903345e+01
3.389032258064516157e+01
3.729677419354838719e+01
3.630322580645161423e+01
3.460000000000000142e+01
3.318064516129032171e+01
3.147741935483870890e+01
3.076774193548386904e+01
3.289677419354838861e+01
3.360645161290322847e+01
3.658709677419354733e+01
3.545161290322580783e+01
3.857419354838710035e+01
3.970967741935483986e+01
3.715483870967742064e+01
3.672903225806451388e+01
3.999354838709677296e+01
3.814838709677419359e+01
3.431612903225806832e+01
3.502580645161290107e+01
3.871612903225806690e+01
4.354193548387096513e+01
3.956774193548387331e+01
3.616129032258064768e+01
3.445806451612903487e+01
3.814838709677419359e+01
3.616129032258064768e+01
3.601935483870968113e+01
3.161935483870967545e+01
3.587741935483870748e+01
3.885806451612903345e+01
3.729677419354838719e+01
4.283225806451613238e+01
3.885806451612903345e+01
3.843225806451612669e+01
3.843225806451612669e+01
3.885806451612903345e+01
3.843225806451612669e+01
3.786451612903226049e+01
3.829032258064516014e+01
3.601935483870968113e+01
3.729677419354838719e+01
3.076774193548386904e+01
3.218709677419354875e+01
3.076774193548386904e+01
3.105161290322580925e+01
3.474193548387096797e+01
2.963225806451612954e+01
3.020000000000000284e+01
3.062580645161290249e+01
3.289677419354838861e+01
3.289677419354838861e+01
3.403225806451612812e+01
3.658709677419354733e+01
3.460000000000000142e+01
3.672903225806451388e+01
3.687096774193548754e+01
3.743870967741935374e+01
4.737419354838709040e+01
3.970967741935483986e+01
3.772258064516129394e+01
3.843225806451612669e+01
nan
3.445806451612903487e+01
3.417419354838709467e+01
3.559354838709677438e+01
3.672903225806451388e+01
3.431612903225806832e+01
3.701290322580645409e+01
3.701290322580645409e+01
3.701290322580645409e+01
3.616129032258064768e+01
3.743870967741935374e+01
3.786451612903226049e+01
4.112903225806451957e+01
3.843225806451612669e+01
3.502580645161290107e+01
3.729677419354838719e+01
