6.937419354838709751e+01
6.014838709677419359e+01
6.355483870967741922e+01
6.568387096774193878e+01
5.631612903225806832e+01
7.008387096774194447e+01
6.823870967741936511e+01
6.256129032258063916e+01
7.065161290322581067e+01
6.270322580645161992e+01
6.355483870967741922e+01
5.503870967741935516e+01
5.404516129032257510e+01
5.049677419354838293e+01
6.398064516129031887e+01
5.134838709677419644e+01
5.262580645161290960e+01
5.830322580645161423e+01
5.290967741935484270e+01
5.603225806451613522e+01
5.163225806451612954e+01
5.219999999999999574e+01
6.554193548387095802e+01
5.958064516129032739e+01
5.688387096774193452e+01
5.461290322580645551e+01
5.092258064516129679e+01
6.156774193548387331e+01
5.305161290322580925e+01
5.872903225806451388e+01
5.319354838709677580e+01
5.787741935483871458e+01
5.134838709677419644e+01
6.156774193548387331e+01
5.872903225806451388e+01
5.943870967741936084e+01
7.050967741935482991e+01
6.341290322580645267e+01
6.327096774193548612e+01
7.207096774193547617e+01
nan
nan
8.825161290322580498e+01
nan
nan
7.093548387096774377e+01
7.945161290322579362e+01
nan
7.789032258064517578e+01
5.035483870967741638e+01
nan
7.178709677419354307e+01
6.341290322580645267e+01
6.000645161290322704e+01
5.276774193548387615e+01
5.376129032258064200e+01
5.447096774193548896e+01
5.461290322580645551e+01
6.937419354838709751e+01
7.107741935483872453e+01
6.823870967741936511e+01
6.185161290322580641e+01
nan
nan
nan
7.050967741935482991e+01
8.640645161290322562e+01
8.527096774193549322e+01
7.320645161290323699e+01
7.192903225806452383e+01
7.079354838709676301e+01
6.724516129032258505e+01
6.681935483870967118e+01
5.915483870967741353e+01
5.603225806451613522e+01
6.312903225806451957e+01
6.270322580645161992e+01
5.532258064516128826e+01
6.085806451612902634e+01
5.404516129032257510e+01
6.369677419354838577e+01
6.596774193548387188e+01
5.234193548387096229e+01
5.177419354838709609e+01
5.177419354838709609e+01
5.120645161290322989e+01
5.305161290322580925e+01
5.617419354838710177e+01
6.270322580645161992e+01
7.022580645161289681e+01
7.136129032258065763e+01
6.469032258064515872e+01
6.625161290322580498e+01
6.994193548387096371e+01
7.136129032258065763e+01
6.298709677419355302e+01
5.404516129032257510e+01
5.333548387096774235e+01
7.774838709677419502e+01
6.653548387096773808e+01
7.192903225806452383e+01
6.809677419354838435e+01
6.639354838709678575e+01
5.660000000000000142e+01
5.390322580645160855e+01
5.574838709677418791e+01
5.759354838709678148e+01
7.079354838709676301e+01
5.745161290322580072e+01
5.872903225806451388e+01
7.973548387096775514e+01
6.000645161290322704e+01
6.951612903225807827e+01
5.958064516129032739e+01
5.560645161290322136e+01
7.349032258064517009e+01
7.334838709677418933e+01
6.029032258064516014e+01
5.546451612903225481e+01
5.702580645161290107e+01
5.007096774193548328e+01
5.234193548387096229e+01
5.021290322580644983e+01
4.737419354838709040e+01
5.219999999999999574e+01
5.163225806451612954e+01
4.950322580645161707e+01
4.978709677419355017e+01
5.716774193548386762e+01
5.191612903225806264e+01
5.305161290322580925e+01
5.915483870967741353e+01
5.418709677419355586e+01
5.645806451612903487e+01
7.192903225806452383e+01
7.221290322580645693e+01
7.405806451612903629e+01
6.724516129032258505e+01
7.306451612903225623e+01
8.470322580645162702e+01
nan
5.958064516129032739e+01
5.191612903225806264e+01
5.361935483870967545e+01
6.767096774193547049e+01
5.319354838709677580e+01
7.050967741935482991e+01
7.136129032258065763e+01
6.284516129032258647e+01
7.320645161290323699e+01
6.994193548387096371e+01
7.235483870967740927e+01
8.583870967741935942e+01
5.546451612903225481e+01
5.390322580645160855e+01
7.249677419354839003e+01
