22.598594982059204 55.75836398090061 0
17.34789799225419 58.39199603846863 0
16.363173035529286 63.2393574401227 0
23.023747643371713 68.92594059493722 0
26.734225582553044 67.88977997978473 0
28.792042266277015 61.043895248354076 0
54.46771316166902 37.65967068200169 1
57.03327266239642 28.682906635706985 1
64.84585145969862 29.76377215127441 1
64.02109374428173 38.99586572229873 1
55.471958725504585 38.56995564890002 1
36.53402715565512 32.10253732365669 2
39.453221845647924 39.22350416683736 2
47.11685238285413 38.917177745808914 2
48.32571624631202 37.617332715222474 2
45.060659159348525 28.413468595458568 2
36.810289614920926 31.40450964905459 2
73.08493846619626 58.2151918112837 3
78.80002725543824 55.3137110588207 3
74.99366765411807 46.09599918086175 3
65.03618450617373 48.96109241725904 3
64.72948450374776 49.42374183782397 3
69.68211525133461 57.325977948340096 3
65.03618450617373 48.96109241725904 4
64.35423240345588 39.33916714320269 4
74.06085982183725 38.28786312727891 4
74.74782695050115 38.73899646125838 4
76.19328144507969 43.472106630404795 4
74.99366765411807 46.09599918086175 4
25.556478825849048 25.387698510307246 5
17.738232410238155 23.771353905549304 5
19.629231682054176 14.382703356577252 5
27.11280475595033 14.806298732634872 5
28.38697252571638 23.61893886015477 5
28.38697252571638 23.61893886015477 6
32.102759606346275 24.006092469364035 6
39.425224873310746 17.867950094636655 6
38.056938917034095 14.344600198096636 6
28.930336475044804 12.641123792737261 6
27.11280475595033 14.806298732634872 6
25.79442724093682 36.12010678685202 7
16.88622008879514 36.65021365815548 7
16.93981825645332 45.38227556696651 7
24.47953083576933 48.798326846101745 7
27.91013992508075 39.693079372253166 7
27.09661440908507 37.12943219968682 7
25.79442724093682 36.12010678685202 8
25.556478825849048 25.387698510307246 8
17.738232410238155 23.771353905549304 8
15.445515248980783 24.799061700502747 8
14.321766162636727 27.194540444212592 8
16.132693188809732 36.10537451296776 8
16.88622008879514 36.65021365815548 8
27.09661440908507 37.12943219968682 9
36.53402715565512 32.10253732365669 9
39.453221845647924 39.22350416683736 9
36.52086150085848 43.53266247907061 9
27.91013992508075 39.693079372253166 9
25.79442724093682 36.12010678685202 10
25.556478825849048 25.387698510307246 10
28.38697252571638 23.61893886015477 10
32.102759606346275 24.006092469364035 10
36.810289614920926 31.40450964905459 10
36.53402715565512 32.10253732365669 10
27.09661440908507 37.12943219968682 10
9.823508212712184 69.12745649129499 11
15.939156763671441 76.88400153271552 11
20.77152244272699 74.80699114158436 11
23.023747643371713 68.92594059493722 11
16.363173035529286 63.2393574401227 11
10.07889190198842 67.49068356504225 11
81.80112867681117 33.70944522950978 12
74.74782695050115 38.73899646125838 12
76.19328144507969 43.472106630404795 12
84.76201696694858 43.7815365694418 12
86.3350762360233 34.725357879520786 12
53.890280865108615 13.041988868464927 13
56.61027603937023 19.964093969458993 13
54.090262931835234 24.610667789510046 13
46.545041580964316 25.334250519072597 13
43.073738467853254 19.60142630752197 13
50.67059811240512 12.251565544108786 13
46.545041580964316 25.334250519072597 14
45.060659159348525 28.413468595458568 14
48.32571624631202 37.617332715222474 14
54.46771316166902 37.65967068200169 14
57.03327266239642 28.682906635706985 14
54.090262931835234 24.610667789510046 14
46.545041580964316 25.334250519072597 15
45.060659159348525 28.413468595458568 15
36.810289614920926 31.40450964905459 15
32.102759606346275 24.006092469364035 15
39.425224873310746 17.867950094636655 15
43.073738467853254 19.60142630752197 15
71.77427194447523 31.122814593361866 16
74.06085982183725 38.28786312727891 16
74.74782695050115 38.73899646125838 16
81.80112867681117 33.70944522950978 16
77.95649673779741 26.349434655164018 16
76.24064310852077 26.433852266283992 16
64.86743763273952 29.748979713773252 17
64.84585145969862 29.76377215127441 17
64.02109374428173 38.99586572229873 17
64.35423240345588 39.33916714320269 17
74.06085982183725 38.28786312727891 17
71.77427194447523 31.122814593361866 17
46.7439974771169 47.0431065689731 18
47.11685238285413 38.917177745808914 18
48.32571624631202 37.617332715222474 18
54.46771316166902 37.65967068200169 18
55.471958725504585 38.56995564890002 18
55.672151557026574 48.563157781647305 18
58.04982906288385 51.34665257380087 19
64.72948450374776 49.42374183782397 19
65.03618450617373 48.96109241725904 19
64.35423240345588 39.33916714320269 19
64.02109374428173 38.99586572229873 19
55.471958725504585 38.56995564890002 19
55.672151557026574 48.563157781647305 19
83.73186737108358 54.25919886485583 20
81.19970483900158 55.850999834536154 20
78.80002725543824 55.3137110588207 20
74.99366765411807 46.09599918086175 20
76.19328144507969 43.472106630404795 20
84.76201696694858 43.7815365694418 20
86.85227558552234 46.16902427575501 20
93.21306110566525 56.37441431540935 21
92.60158258562382 64.10601393899037 21
92.18905837971974 64.32503074704789 21
83.39818391508814 62.51624242651964 21
81.19970483900158 55.850999834536154 21
83.73186737108358 54.25919886485583 21
11.424683578240014 48.63780880728925 22
16.93981825645332 45.38227556696651 22
24.47953083576933 48.798326846101745 22
24.855784549047407 49.806523055921375 22
22.598594982059204 55.75836398090061 22
17.34789799225419 58.39199603846863 22
12.297960218234422 54.25829279329187 22
22.680077642337146 88.46124218790371 23
21.843065925913592 88.27982529395126 23
11.436363684888818 93.01093242053057 23
10.880001437930709 95.30026476117925 23
18.5571798605081 100.58562252150779 23
20.362774229254235 100.18520376828437 23
25.17742317675239 91.60925370283908 23
27.572632999873598 80.0769565169218 24
20.77152244272699 74.80699114158436 24
15.939156763671441 76.88400153271552 24
14.874953503230671 79.90730926536747 24
21.843065925913592 88.27982529395126 24
22.680077642337146 88.46124218790371 24
96.59520792354434 53.05723509070232 25
96.53884405175813 53.344980368690784 25
93.21306110566525 56.37441431540935 25
83.73186737108358 54.25919886485583 25
86.85227558552234 46.16902427575501 25
90.87223359789624 46.03049200951868 25
96.37492997635971 39.15097118184514 26
86.34355869105099 34.721319851489554 26
86.3350762360233 34.725357879520786 26
84.76201696694858 43.7815365694418 26
86.85227558552234 46.16902427575501 26
90.87223359789624 46.03049200951868 26
97.45616859823005 38.85669409276804 27
98.30613251276623 29.661065901015803 27
90.69559451875216 26.000439829460277 27
86.34355869105099 34.721319851489554 27
96.37492997635971 39.15097118184514 27
31.025833380228242 100.97364977277141 28
31.556394322355736 95.3852837699483 28
30.061551469598577 93.15444960195796 28
25.17742317675239 91.60925370283908 28
20.362774229254235 100.18520376828437 28
25.483646201776445 104.28554728873809 28
36.12697787669564 106.35190608586561 29
36.527729648126005 106.34225451006526 29
42.77753045171578 100.32302509922201 29
41.16154011031691 96.34020759739715 29
31.556394322355736 95.3852837699483 29
31.025833380228242 100.97364977277141 29
43.76864195754336 90.38859905811913 30
41.16154011031691 96.34020759739715 30
31.556394322355736 95.3852837699483 30
30.061551469598577 93.15444960195796 30
35.94628155841989 85.8696666096754 30
88.22063972299921 73.66014137961761 31
92.18905837971974 64.32503074704789 31
83.39818391508814 62.51624242651964 31
80.6997131130031 67.82760528287008 31
78.83196267590836 68.49888395292675 32
73.56149208506898 65.49060753167772 32
73.08493846619626 58.2151918112837 32
78.80002725543824 55.3137110588207 32
81.19970483900158 55.850999834536154 32
83.39818391508814 62.51624242651964 32
80.6997131130031 67.82760528287008 32
103.29564700153102 42.032731410345406 33
97.45616859823005 38.85669409276804 33
98.30613251276623 29.661065901015803 33
104.55799742925302 26.479368604013544 33
105.73883234882024 26.704772678912477 33
107.9220548276966 35.992954413235125 33
103.29564700153102 42.032731410345406 34
97.45616859823005 38.85669409276804 34
96.37492997635971 39.15097118184514 34
90.87223359789624 46.03049200951868 34
96.59520792354434 53.05723509070232 34
103.82060574728689 46.735096573454285 34
104.20673256335368 44.27028733971049 34
103.3515220886527 62.261293051867185 35
103.60191862468668 59.98060560752009 35
96.53884405175813 53.344980368690784 35
93.21306110566525 56.37441431540935 35
92.60158258562382 64.10601393899037 35
98.41000559394465 66.21548846695407 35
89.76704273544411 23.5547887567307 36
90.69559451875216 26.000439829460277 36
86.34355869105099 34.721319851489554 36
86.3350762360233 34.725357879520786 36
81.80112867681117 33.70944522950978 36
77.95649673779741 26.349434655164018 36
82.19922976235733 22.160436991674146 36
36.22940146318823 57.11667282103605 37
45.20396169607944 54.62695144631991 37
45.223435023637386 48.42277427753689 37
37.19137065628369 46.50737647143606 37
34.16137534458735 51.23611376583089 37
45.20396169607944 54.62695144631991 38
47.73541334717802 57.053707430971116 38
57.05356315948831 53.87725075823256 38
58.04982906288385 51.34665257380087 38
55.672151557026574 48.563157781647305 38
46.7439974771169 47.0431065689731 38
45.223435023637386 48.42277427753689 38
37.19137065628369 46.50737647143606 39
36.52086150085848 43.53266247907061 39
39.453221845647924 39.22350416683736 39
47.11685238285413 38.917177745808914 39
46.7439974771169 47.0431065689731 39
45.223435023637386 48.42277427753689 39
36.22940146318823 57.11667282103605 40
35.559596005255806 59.22007519310024 40
38.49466019909135 64.3940363198719 40
47.61474621544756 62.87443379989456 40
47.73541334717802 57.053707430971116 40
45.20396169607944 54.62695144631991 40
34.16137534458735 51.23611376583089 41
24.855784549047407 49.806523055921375 41
24.47953083576933 48.798326846101745 41
27.91013992508075 39.693079372253166 41
36.52086150085848 43.53266247907061 41
37.19137065628369 46.50737647143606 41
36.22940146318823 57.11667282103605 42
35.559596005255806 59.22007519310024 42
28.792042266277015 61.043895248354076 42
22.598594982059204 55.75836398090061 42
24.855784549047407 49.806523055921375 42
34.16137534458735 51.23611376583089 42
101.38233365580487 96.41173952100272 43
104.23856526791144 100.73038586763758 43
103.83631857917376 102.72529018269941 43
97.7933612553829 107.17366600580229 43
93.23562398330813 105.76121212672015 43
91.17256525584963 100.24578762546312 43
95.8331846687889 95.9763733483974 43
52.634763766853986 99.68771458739374 44
46.58463351562627 101.99067896699782 44
42.77753045171578 100.32302509922201 44
41.16154011031691 96.34020759739715 44
43.76864195754336 90.38859905811913 44
47.87865232520361 88.37431767102117 44
48.591610885523316 88.7749640669231 44
53.289951760841994 98.2911672526132 44
42.94612544086022 79.33725924754644 45
35.375725098687944 81.40258759729006 45
32.38658978693562 78.6321571075073 45
33.30431358165229 72.27497103580517 45
37.53606548517855 69.4465662085748 45
44.35646395763073 73.27912735033063 45
35.375725098687944 81.40258759729006 46
35.94628155841989 85.8696666096754 46
30.061551469598577 93.15444960195796 46
25.17742317675239 91.60925370283908 46
22.680077642337146 88.46124218790371 46
27.572632999873598 80.0769565169218 46
32.38658978693562 78.6321571075073 46
33.30431358165229 72.27497103580517 47
26.734225582553044 67.88977997978473 47
23.023747643371713 68.92594059493722 47
20.77152244272699 74.80699114158436 47
27.572632999873598 80.0769565169218 47
32.38658978693562 78.6321571075073 47
42.94612544086022 79.33725924754644 48
47.77608988660153 84.02557405911595 48
47.87865232520361 88.37431767102117 48
43.76864195754336 90.38859905811913 48
35.94628155841989 85.8696666096754 48
35.375725098687944 81.40258759729006 48
37.53606548517855 69.4465662085748 49
38.49466019909135 64.3940363198719 49
35.559596005255806 59.22007519310024 49
28.792042266277015 61.043895248354076 49
26.734225582553044 67.88977997978473 49
33.30431358165229 72.27497103580517 49
44.35646395763073 73.27912735033063 50
47.21117926465856 72.17962295165451 50
49.13940098142424 64.6248242068054 50
47.61474621544756 62.87443379989456 50
38.49466019909135 64.3940363198719 50
37.53606548517855 69.4465662085748 50
42.94612544086022 79.33725924754644 51
47.77608988660153 84.02557405911595 51
53.98542682749886 77.76465917346219 51
53.99124247629374 75.99430722954901 51
47.21117926465856 72.17962295165451 51
44.35646395763073 73.27912735033063 51
94.85419651535148 84.77038095520282 52
93.53383313423112 77.6764951976905 52
88.60263912798851 75.17430218681349 52
80.94755390312741 80.77413055480615 52
80.66057177338615 82.98007743323413 52
88.31135378129821 88.06926274133562 52
93.12566368150434 86.95101107191945 52
88.60263912798851 75.17430218681349 53
88.22063972299921 73.66014137961761 53
80.6997131130031 67.82760528287008 53
78.83196267590836 68.49888395292675 53
76.20853271991365 75.35862930117335 53
80.94755390312741 80.77413055480615 53
93.12566368150434 86.95101107191945 54
95.8331846687889 95.9763733483974 54
91.17256525584963 100.24578762546312 54
87.05269091581039 98.99639280125311 54
84.968536664591 95.67275906381391 54
88.31135378129821 88.06926274133562 54
93.53383313423112 77.6764951976905 55
100.01010303447393 73.36594419796407 55
98.41000559394465 66.21548846695407 55
92.60158258562382 64.10601393899037 55
92.18905837971974 64.32503074704789 55
88.22063972299921 73.66014137961761 55
88.60263912798851 75.17430218681349 55
94.85419651535148 84.77038095520282 56
100.77570615504192 85.62833480827491 56
105.64254066864373 80.90879880580079 56
102.70137258610322 74.23422376547077 56
100.01010303447393 73.36594419796407 56
93.53383313423112 77.6764951976905 56
94.85419651535148 84.77038095520282 57
100.77570615504192 85.62833480827491 57
104.12300176492414 91.02587564343034 57
101.38233365580487 96.41173952100272 57
95.8331846687889 95.9763733483974 57
93.12566368150434 86.95101107191945 57
57.148386501184696 65.01811725699733 58
57.595440450559444 72.49896974551869 58
67.30807109609742 75.10711057281769 58
68.04876032623594 68.83674098488522 58
63.0263372543129 63.12097858941205 58
59.30728801327431 62.7792678888994 58
67.30807109609742 75.10711057281769 59
67.62655415658702 75.67502085772146 59
76.20853271991365 75.35862930117335 59
78.83196267590836 68.49888395292675 59
73.56149208506898 65.49060753167772 59
68.04876032623594 68.83674098488522 59
63.0263372543129 63.12097858941205 60
69.68211525133461 57.325977948340096 60
73.08493846619626 58.2151918112837 60
73.56149208506898 65.49060753167772 60
68.04876032623594 68.83674098488522 60
57.148386501184696 65.01811725699733 61
49.13940098142424 64.6248242068054 61
47.21117926465856 72.17962295165451 61
53.99124247629374 75.99430722954901 61
57.595440450559444 72.49896974551869 61
59.30728801327431 62.7792678888994 62
57.05356315948831 53.87725075823256 62
58.04982906288385 51.34665257380087 62
64.72948450374776 49.42374183782397 62
69.68211525133461 57.325977948340096 62
63.0263372543129 63.12097858941205 62
57.148386501184696 65.01811725699733 63
49.13940098142424 64.6248242068054 63
47.61474621544756 62.87443379989456 63
47.73541334717802 57.053707430971116 63
57.05356315948831 53.87725075823256 63
59.30728801327431 62.7792678888994 63
67.51777649335091 18.9469605043044 64
64.86743763273952 29.748979713773252 64
64.84585145969862 29.76377215127441 64
57.03327266239642 28.682906635706985 64
54.090262931835234 24.610667789510046 64
56.61027603937023 19.964093969458993 64
67.00133156807274 18.49537856438421 64
67.51777649335091 18.9469605043044 65
64.86743763273952 29.748979713773252 65
71.77427194447523 31.122814593361866 65
76.24064310852077 26.433852266283992 65
68.21597010826324 19.032987677572166 65
65.24775244981836 103.02700757990891 66
59.65239206632747 95.61448581933746 66
53.289951760841994 98.2911672526132 66
52.634763766853986 99.68771458739374 66
56.965656453890624 106.90929270710771 66
77.0244556621978 93.68164617378747 67
84.968536664591 95.67275906381391 67
88.31135378129821 88.06926274133562 67
80.66057177338615 82.98007743323413 67
76.67054832535288 86.81313495522475 67
72.94740239566462 98.01293221092237 68
72.82598446025983 98.59249389352203 68
80.12819894553064 106.45279712466561 68
87.05269091581039 98.99639280125311 68
84.968536664591 95.67275906381391 68
77.0244556621978 93.68164617378747 68
78.42003594397667 14.374808659272823 69
68.21597010826324 19.032987677572166 69
76.24064310852077 26.433852266283992 69
77.95649673779741 26.349434655164018 69
82.19922976235733 22.160436991674146 69
79.44728426668499 14.821267383545639 69
100.29862653445608 16.110639988806035 70
94.3944223138154 10.899875728904739 70
89.64573146147598 13.257891519187972 70
90.56519174714865 22.12526809090334 70
99.92268386088995 17.606324672197914 70
90.56519174714865 22.12526809090334 71
89.76704273544411 23.5547887567307 71
82.19922976235733 22.160436991674146 71
79.44728426668499 14.821267383545639 71
85.71673351373437 11.31428965850585 71
89.64573146147598 13.257891519187972 71
99.92268386088995 17.606324672197914 72
104.55799742925302 26.479368604013544 72
98.30613251276623 29.661065901015803 72
90.69559451875216 26.000439829460277 72
89.76704273544411 23.5547887567307 72
90.56519174714865 22.12526809090334 72
68.5610398269562 84.47188112766501 73
65.02543927667406 90.76653029741348 73
61.26093621402334 91.89987360259366 73
57.453905255836595 87.62387117984915 73
58.60183949777497 82.4361609071843 73
66.71177430801598 80.40796336430478 73
65.02543927667406 90.76653029741348 74
72.94740239566462 98.01293221092237 74
72.82598446025983 98.59249389352203 74
66.92796532792875 103.42118783931286 74
65.24775244981836 103.02700757990891 74
59.65239206632747 95.61448581933746 74
61.26093621402334 91.89987360259366 74
57.453905255836595 87.62387117984915 75
48.591610885523316 88.7749640669231 75
53.289951760841994 98.2911672526132 75
59.65239206632747 95.61448581933746 75
61.26093621402334 91.89987360259366 75
68.5610398269562 84.47188112766501 76
76.67054832535288 86.81313495522475 76
77.0244556621978 93.68164617378747 76
72.94740239566462 98.01293221092237 76
65.02543927667406 90.76653029741348 76
58.60183949777497 82.4361609071843 77
53.98542682749886 77.76465917346219 77
47.77608988660153 84.02557405911595 77
47.87865232520361 88.37431767102117 77
48.591610885523316 88.7749640669231 77
57.453905255836595 87.62387117984915 77
66.71177430801598 80.40796336430478 78
67.62655415658702 75.67502085772146 78
67.30807109609742 75.10711057281769 78
57.595440450559444 72.49896974551869 78
53.99124247629374 75.99430722954901 78
53.98542682749886 77.76465917346219 78
58.60183949777497 82.4361609071843 78
68.5610398269562 84.47188112766501 79
76.67054832535288 86.81313495522475 79
80.66057177338615 82.98007743323413 79
80.94755390312741 80.77413055480615 79
76.20853271991365 75.35862930117335 79
67.62655415658702 75.67502085772146 79
66.71177430801598 80.40796336430478 79
