22.4766 62.5416
59.1680 34.7344
42.2168 34.6131
71.0544 52.5560
71.5643 42.4825
23.6847 20.3934
32.3358 17.8808
23.1845 40.6289
18.8393 30.0040
33.5030 38.3362
30.3259 29.9670
16.0000 70.0791
80.7679 38.8855
50.8134 19.1340
50.9204 30.3864
40.5030 24.4379
76.0969 32.4404
67.3206 34.5431
51.2997 41.3951
61.0478 45.0285
80.9333 49.2775
87.7222 59.5720
18.5635 51.5762
18.7053 93.9189
20.6136 81.4027
91.3006 51.5392
88.5900 40.7631
93.8353 33.6781
27.2779 97.5989
36.5293 100.9527
36.4989 92.2276
86.1269 67.0823
78.5109 61.9590
102.8795 33.2879
98.9459 44.3048
97.9528 60.3805
85.0140 28.7459
39.6019 51.5820
50.8118 51.5619
42.0416 43.9411
41.8063 59.2143
30.8532 46.5957
30.3661 55.6969
98.2131 101.2892
47.0859 95.5213
37.6509 75.7288
29.8858 85.6009
27.2988 73.7678
42.2819 84.8997
33.4035 65.7116
44.0588 67.7998
48.3778 77.0968
88.5765 82.3422
82.2518 73.5489
90.0773 94.3186
93.3668 70.6462
99.5863 79.4307
98.3490 90.1273
62.0724 67.8935
71.9309 71.4945
69.4807 62.5979
53.0171 70.0632
61.9748 56.3123
52.9998 61.0379
61.7095 24.3161
69.7232 25.0571
57.5581 100.7059
81.5271 89.4434
79.1579 98.5682
77.0799 20.5288
94.9653 16.0000
86.2235 17.8723
95.6358 24.2379
62.9358 86.2677
66.2697 97.3335
56.0498 92.4409
72.0458 90.7492
52.3813 84.8333
60.8315 77.1263
73.9124 80.9258
