38.721549 105.359696 1212.903646
36.407185 84.779436 975.983141
36.433303 86.458174 995.308808
40.141746 103.990019 1197.135885
38.426809 94.474540 1087.593439
37.298296 91.751520 1056.245953
38.085869 96.147691 1106.854793
40.000943 105.968057 1219.907110
42.823927 124.474325 1432.951763
35.718692 80.108196 922.207700
39.668748 102.205526 1176.592754
39.436572 106.484418 1225.851474
36.024259 84.350635 971.046774
40.890644 115.981744 1335.184939
41.266725 117.340073 1350.822064
41.259380 117.417781 1351.716635
33.503108 72.043567 829.367473
34.099999 71.226691 819.963574
36.458954 86.334565 993.885824
39.846143 104.424610 1202.138908
38.726458 100.917400 1161.763806
36.921502 87.085042 1002.525334
40.211528 115.327041 1327.647987
39.667485 100.371897 1155.483970
38.525550 95.598325 1100.530479
36.262054 84.373549 971.310554
36.172112 81.130196 933.972994
39.512892 97.872813 1126.714439
36.273162 90.581961 1042.781965
36.054722 85.457225 983.785858
37.234003 88.972652 1024.255557
34.593676 72.463557 834.202406
37.188826 97.838959 1126.324713
41.248583 112.212941 1291.798381
40.151442 109.600658 1261.725710
36.748451 91.720173 1055.885085
38.979362 104.121570 1198.650299
35.624811 85.142801 980.166204
37.045883 91.453570 1052.815945
34.376306 79.279041 912.662442
36.044027 87.249534 1004.418973
38.314509 96.469203 1110.556043
39.372524 106.303361 1223.767134
37.263434 100.282445 1154.454197
38.976036 105.594969 1215.612108
37.479251 99.401858 1144.316855
41.818164 121.605715 1399.928244
38.102222 101.813668 1172.081672
37.042472 92.663981 1066.750231
38.237688 103.446962 1190.884198
35.389353 84.544045 973.273305
34.378216 79.714127 917.671166
41.368507 119.535099 1376.091262
37.088993 90.358701 1040.211787
37.219819 94.496277 1087.843675
38.988534 103.956528 1196.750336
37.879824 101.145033 1164.384330
36.149177 89.708381 1032.725289
38.318645 97.429939 1121.616061
35.414532 84.136619 968.583006
33.690778 74.735656 860.358869
36.110072 88.126239 1014.511619
40.739185 113.087335 1301.864427
38.299666 98.774196 1137.091194
40.526260 106.253891 1223.197639
36.260152 78.533106 904.075217
35.299983 79.282394 912.701044
38.094987 98.100512 1129.335716
39.557864 102.264127 1177.267370
38.771849 94.290372 1085.473285
34.025303 71.401876 821.980311
37.652611 95.631199 1100.908921
40.115654 104.006221 1197.322404
35.014005 84.947069 977.912930
37.943404 94.461171 1087.439530
36.225252 83.743930 964.062367
39.222562 102.282101 1177.474284
34.803247 79.167411 911.377351
37.246819 92.615813 1066.195720
41.267592 119.775881 1378.863148
