6.284516129032258647e+01
5.191612903225806264e+01
4.127096774193548612e+01
4.254838709677419928e+01
4.084516129032257936e+01
3.772258064516129394e+01
4.070322580645161281e+01
4.027741935483871316e+01
6.426451612903224486e+01
4.567096774193547759e+01
7.263870967741934237e+01
6.312903225806451957e+01
4.155483870967741922e+01
4.027741935483871316e+01
4.141290322580645267e+01
4.084516129032257936e+01
3.999354838709677296e+01
4.368387096774193168e+01
4.027741935483871316e+01
4.070322580645161281e+01
3.758064516129032029e+01
4.339999999999999858e+01
4.368387096774193168e+01
4.879354838709677011e+01
4.325806451612903203e+01
3.956774193548387331e+01
nan
nan
4.751612903225807116e+01
4.865161290322580356e+01
4.524516129032257794e+01
4.410967741935484554e+01
4.183870967741935232e+01
4.112903225806451957e+01
4.155483870967741922e+01
5.759354838709678148e+01
4.254838709677419928e+01
4.212258064516128542e+01
4.311612903225806548e+01
3.999354838709677296e+01
4.410967741935484554e+01
4.169677419354838577e+01
5.205806451612902919e+01
5.319354838709677580e+01
4.481935483870967829e+01
4.709032258064515730e+01
4.978709677419355017e+01
5.929677419354839429e+01
5.617419354838710177e+01
4.709032258064515730e+01
4.836774193548387046e+01
4.609677419354839145e+01
nan
6.312903225806451957e+01
nan
nan
nan
7.902580645161290818e+01
8.441935483870966550e+01
4.538709677419354449e+01
5.347741935483870890e+01
4.297419354838709893e+01
4.496129032258064484e+01
nan
nan
nan
4.737419354838709040e+01
5.120645161290322989e+01
nan
nan
nan
nan
nan
nan
nan
5.305161290322580925e+01
3.999354838709677296e+01
4.524516129032257794e+01
4.226451612903225197e+01
4.453548387096774519e+01
4.666451612903225765e+01
4.439354838709677864e+01
4.368387096774193168e+01
nan
nan
nan
nan
nan
4.680645161290322420e+01
4.822580645161290391e+01
4.339999999999999858e+01
4.425161290322581209e+01
4.183870967741935232e+01
4.013548387096773951e+01
4.467741935483871174e+01
4.325806451612903203e+01
4.510322580645161139e+01
4.538709677419354449e+01
4.694838709677419075e+01
4.680645161290322420e+01
5.063870967741934948e+01
4.808387096774193736e+01
4.950322580645161707e+01
4.623870967741935800e+01
4.410967741935484554e+01
4.496129032258064484e+01
4.041935483870967971e+01
4.297419354838709893e+01
4.183870967741935232e+01
4.141290322580645267e+01
4.212258064516128542e+01
5.376129032258064200e+01
5.319354838709677580e+01
5.305161290322580925e+01
6.454838709677420638e+01
4.964516129032258362e+01
5.532258064516128826e+01
4.907741935483870321e+01
4.765806451612903771e+01
4.609677419354839145e+01
4.907741935483870321e+01
4.950322580645161707e+01
nan
4.680645161290322420e+01
4.510322580645161139e+01
5.163225806451612954e+01
4.297419354838709893e+01
5.092258064516129679e+01
4.410967741935484554e+01
4.652258064516129110e+01
4.396774193548386478e+01
4.297419354838709893e+01
4.013548387096773951e+01
4.780000000000000426e+01
4.751612903225807116e+01
4.836774193548387046e+01
4.623870967741935800e+01
3.772258064516129394e+01
4.283225806451613238e+01
4.041935483870967971e+01
4.808387096774193736e+01
4.127096774193548612e+01
4.524516129032257794e+01
4.794193548387097081e+01
4.212258064516128542e+01
4.325806451612903203e+01
4.694838709677419075e+01
4.666451612903225765e+01
4.212258064516128542e+01
5.290967741935484270e+01
nan
nan
nan
4.921935483870968397e+01
nan
nan
4.382580645161289823e+01
4.666451612903225765e+01
4.709032258064515730e+01
4.538709677419354449e+01
4.879354838709677011e+01
nan
nan
5.319354838709677580e+01
5.404516129032257510e+01
5.276774193548387615e+01
5.191612903225806264e+01
5.518064516129032171e+01
nan
4.623870967741935800e+01
5.134838709677419644e+01
nan
nan
nan
4.822580645161290391e+01
4.893548387096773666e+01
5.248387096774194305e+01
5.007096774193548328e+01
4.496129032258064484e+01
4.198064516129031887e+01
6.043225806451612669e+01
