nan
5.266470967741934572e+01
5.524651612903225129e+01
5.995451612903224969e+01
5.615774193548386251e+01
5.919516129032258078e+01
5.949890322580645119e+01
6.041012903225806241e+01
6.466251612903224100e+01
6.147322580645161594e+01
5.767645161290322875e+01
6.010638709677419200e+01
5.889141935483871038e+01
6.101761290322580322e+01
5.889141935483871038e+01
6.132135483870967363e+01
5.919516129032258078e+01
5.782832258064515685e+01
5.752458064516128644e+01
6.101761290322580322e+01
6.284006451612902566e+01
7.559032258064512177e+00
5.904329032258063847e+01
5.980264516129032160e+01
6.253632258064515526e+01
6.162509677419354404e+01
nan
6.329567741935483838e+01
6.010638709677419200e+01
5.889141935483871038e+01
5.813206451612902725e+01
5.919516129032258078e+01
6.025825806451612010e+01
nan
5.934703225806450888e+01
5.904329032258063847e+01
nan
nan
nan
nan
nan
nan
nan
nan
5.570212903225806400e+01
5.327219354838708654e+01
5.479090322580645278e+01
5.296845161290321613e+01
5.251283870967741763e+01
5.706896774193547373e+01
5.858767741935483997e+01
5.980264516129032160e+01
4.598238709677419678e+01
6.177696774193548634e+01
6.238445161290322716e+01
5.919516129032258078e+01
6.071387096774193282e+01
5.873954838709676807e+01
5.919516129032258078e+01
5.646148387096773291e+01
5.798019354838709916e+01
5.828393548387096956e+01
5.889141935483871038e+01
5.798019354838709916e+01
6.010638709677419200e+01
6.177696774193548634e+01
5.555025806451612169e+01
5.387967741935484156e+01
5.555025806451612169e+01
5.676522580645160332e+01
5.798019354838709916e+01
5.691709677419354563e+01
6.056199999999999051e+01
5.995451612903224969e+01
5.706896774193547373e+01
6.147322580645161594e+01
6.025825806451612010e+01
6.010638709677419200e+01
5.782832258064515685e+01
5.980264516129032160e+01
6.086574193548386091e+01
6.147322580645161594e+01
5.995451612903224969e+01
5.737270967741935834e+01
6.800367741935482968e+01
6.451064516129031290e+01
5.539838709677419359e+01
6.162509677419354404e+01
5.965077419354837929e+01
6.557374193548386643e+01
5.980264516129032160e+01
6.329567741935483838e+01
6.268819354838709756e+01
6.663683870967741996e+01
6.557374193548386643e+01
6.344754838709676648e+01
5.949890322580645119e+01
6.132135483870967363e+01
6.542187096774193833e+01
5.934703225806450888e+01
5.858767741935483997e+01
5.433529032258064007e+01
5.767645161290322875e+01
5.205722580645160491e+01
5.706896774193547373e+01
5.813206451612902725e+01
5.524651612903225129e+01
6.056199999999999051e+01
5.980264516129032160e+01
6.162509677419354404e+01
5.995451612903224969e+01
6.162509677419354404e+01
1.879748387096773854e+01
