9.336612903225807258e+01
9.291051612903225987e+01
7.939400000000000546e+01
7.802716129032256731e+01
7.590096774193548868e+01
7.681219354838708568e+01
7.909025806451612084e+01
8.136832258064515599e+01
8.197580645161289681e+01
9.366987096774192878e+01
7.498974193548386324e+01
8.212767741935482491e+01
7.620470967741934487e+01
7.711593548387097030e+01
8.273516129032256572e+01
8.091270967741934328e+01
7.833090322580645193e+01
7.726780645161289840e+01
8.045709677419353056e+01
7.817903225806452383e+01
7.893838709677419274e+01
2.806161290322580015e+01
7.620470967741934487e+01
7.741967741935482650e+01
7.893838709677419274e+01
8.850625806451611766e+01
nan
8.197580645161289681e+01
7.848277419354838003e+01
7.711593548387097030e+01
7.772341935483871112e+01
7.711593548387097030e+01
8.167206451612904061e+01
nan
7.696406451612904220e+01
7.833090322580645193e+01
nan
nan
nan
nan
nan
nan
nan
nan
9.078432258064515281e+01
8.698754838709677983e+01
9.275864516129033177e+01
9.108806451612903743e+01
9.275864516129033177e+01
8.607632258064515440e+01
7.650845161290322949e+01
7.666032258064515759e+01
7.969774193548386165e+01
8.243141935483870952e+01
8.288703225806452224e+01
7.696406451612904220e+01
8.030522580645160247e+01
7.438225806451612243e+01
7.559722580645160406e+01
7.377477419354838162e+01
7.650845161290322949e+01
7.620470967741934487e+01
8.577258064516129821e+01
7.696406451612904220e+01
7.969774193548386165e+01
7.878651612903226464e+01
8.106458064516129980e+01
9.366987096774192878e+01
9.503670967741933850e+01
7.954587096774193355e+01
8.182393548387096871e+01
8.106458064516129980e+01
7.848277419354838003e+01
8.167206451612904061e+01
7.696406451612904220e+01
8.000148387096774627e+01
7.924212903225804894e+01
7.893838709677419274e+01
7.757154838709678302e+01
7.772341935483871112e+01
7.848277419354838003e+01
8.136832258064515599e+01
7.878651612903226464e+01
7.590096774193548868e+01
9.761851612903225828e+01
8.486135483870967278e+01
8.030522580645160247e+01
8.227954838709678143e+01
7.863464516129030812e+01
8.638006451612903902e+01
8.835438709677418956e+01
8.395012903225804735e+01
8.167206451612904061e+01
9.306238709677418797e+01
8.622819354838708250e+01
8.744316129032256413e+01
7.757154838709678302e+01
8.212767741935482491e+01
8.516509677419355739e+01
7.802716129032256731e+01
8.000148387096774627e+01
9.382174193548385688e+01
9.382174193548385688e+01
9.048058064516129662e+01
8.774690322580644875e+01
7.483787096774193515e+01
7.362290322580645352e+01
8.926561290322581499e+01
7.574909677419353216e+01
7.909025806451612084e+01
7.726780645161289840e+01
7.802716129032256731e+01
5.099412903225806559e+01
