1.614838709677419359e+01
1.742580645161290676e+01
1.827741935483871316e+01
1.671612903225806690e+01
1.770967741935483986e+01
1.643225806451612669e+01
1.841935483870967971e+01
1.998064516129032597e+01
1.998064516129032597e+01
2.182580645161290533e+01
2.139999999999999858e+01
2.069032258064515872e+01
2.168387096774193878e+01
1.856129032258064626e+01
2.040645161290322562e+01
2.196774193548387188e+01
2.111612903225806548e+01
2.225161290322580498e+01
2.764516129032258362e+01
2.367096774193548470e+01
2.438064516129032455e+01
2.863870967741935658e+01
2.565806451612903061e+01
2.381290322580645125e+01
2.537419354838709751e+01
2.054838709677419217e+01
nan
1.983870967741935232e+01
1.827741935483871316e+01
1.742580645161290676e+01
1.870322580645161281e+01
2.239354838709677153e+01
2.097419354838709893e+01
2.367096774193548470e+01
2.040645161290322562e+01
1.089677419354838861e+01
2.352903225806451815e+01
2.281935483870967829e+01
3.161935483870967545e+01
2.736129032258064342e+01
6.100000000000000711e+01
2.807096774193548328e+01
2.835483870967741638e+01
2.849677419354839003e+01
2.324516129032257794e+01
2.551612903225806406e+01
2.352903225806451815e+01
1.983870967741935232e+01
2.352903225806451815e+01
2.324516129032257794e+01
2.196774193548387188e+01
2.196774193548387188e+01
2.168387096774193878e+01
1.756774193548387331e+01
1.643225806451612669e+01
1.813548387096773951e+01
1.969677419354838577e+01
2.154193548387096513e+01
2.083225806451613238e+01
2.239354838709677153e+01
2.083225806451613238e+01
2.210967741935483843e+01
2.452258064516129110e+01
1.515483870967742064e+01
2.622580645161290391e+01
2.821290322580644983e+01
2.821290322580644983e+01
2.608387096774193736e+01
2.296129032258064484e+01
2.267741935483871174e+01
2.494838709677419075e+01
2.054838709677419217e+01
1.770967741935483986e+01
2.040645161290322562e+01
2.310322580645161139e+01
2.338709677419355160e+01
2.367096774193548470e+01
2.281935483870967829e+01
2.466451612903225765e+01
2.310322580645161139e+01
2.012258064516129252e+01
1.884516129032257936e+01
1.671612903225806690e+01
1.614838709677419359e+01
1.529677419354838719e+01
1.657419354838710035e+01
1.714193548387096655e+01
1.770967741935483986e+01
1.898709677419354591e+01
1.912903225806451957e+01
2.111612903225806548e+01
2.281935483870967829e+01
2.338709677419355160e+01
1.742580645161290676e+01
2.296129032258064484e+01
2.225161290322580498e+01
2.097419354838709893e+01
2.026451612903225907e+01
2.026451612903225907e+01
2.040645161290322562e+01
2.863870967741935658e+01
2.679354838709677722e+01
2.792903225806451672e+01
3.076774193548386904e+01
1.728387096774193310e+01
3.020000000000000284e+01
2.707741935483871032e+01
2.523225806451613096e+01
2.310322580645161139e+01
2.196774193548387188e+01
2.253548387096774519e+01
2.367096774193548470e+01
2.480645161290322420e+01
1.629032258064516014e+01
2.296129032258064484e+01
2.154193548387096513e+01
2.097419354838709893e+01
1.657419354838710035e+01
2.097419354838709893e+01
1.983870967741935232e+01
1.813548387096773951e+01
2.026451612903225907e+01
1.813548387096773951e+01
1.643225806451612669e+01
1.770967741935483986e+01
1.898709677419354591e+01
1.700000000000000000e+01
1.799354838709677296e+01
2.026451612903225907e+01
1.870322580645161281e+01
1.927096774193548612e+01
1.941290322580645267e+01
2.026451612903225907e+01
2.125806451612903203e+01
2.196774193548387188e+01
2.040645161290322562e+01
2.324516129032257794e+01
2.182580645161290533e+01
2.097419354838709893e+01
2.125806451612903203e+01
2.225161290322580498e+01
2.310322580645161139e+01
2.267741935483871174e+01
2.054838709677419217e+01
1.998064516129032597e+01
2.154193548387096513e+01
2.324516129032257794e+01
2.324516129032257794e+01
2.324516129032257794e+01
2.069032258064515872e+01
2.352903225806451815e+01
2.154193548387096513e+01
2.565806451612903061e+01
2.736129032258064342e+01
2.338709677419355160e+01
2.281935483870967829e+01
2.154193548387096513e+01
2.565806451612903061e+01
2.807096774193548328e+01
2.778709677419355017e+01
1.330967741935484128e+01
1.373548387096774093e+01
2.452258064516129110e+01
2.097419354838709893e+01
1.614838709677419359e+01
7.632258064516129537e+00
