6.909032258064516441e+01
7.349032258064517009e+01
4.481935483870967829e+01
6.852258064516129821e+01
5.361935483870967545e+01
6.199354838709677296e+01
5.645806451612903487e+01
3.701290322580645409e+01
3.829032258064516014e+01
4.013548387096773951e+01
3.914193548387096655e+01
3.871612903225806690e+01
4.212258064516128542e+01
5.361935483870967545e+01
4.098709677419354591e+01
4.070322580645161281e+01
3.814838709677419359e+01
4.311612903225806548e+01
5.021290322580644983e+01
4.467741935483871174e+01
4.269032258064516583e+01
6.014838709677419359e+01
4.467741935483871174e+01
4.836774193548387046e+01
4.496129032258064484e+01
3.999354838709677296e+01
4.155483870967741922e+01
4.084516129032257936e+01
6.213548387096773951e+01
6.667741935483871885e+01
4.325806451612903203e+01
4.155483870967741922e+01
3.814838709677419359e+01
5.333548387096774235e+01
4.240645161290323273e+01
5.801935483870968113e+01
4.751612903225807116e+01
4.070322580645161281e+01
6.923225806451611675e+01
4.808387096774193736e+01
8.427741935483871316e+01
6.469032258064515872e+01
5.205806451612902919e+01
4.623870967741935800e+01
4.183870967741935232e+01
4.595483870967742490e+01
4.240645161290323273e+01
5.688387096774193452e+01
4.339999999999999858e+01
4.595483870967742490e+01
4.056129032258064626e+01
3.857419354838710035e+01
4.027741935483871316e+01
4.084516129032257936e+01
6.327096774193548612e+01
5.234193548387096229e+01
3.942580645161290676e+01
4.084516129032257936e+01
4.027741935483871316e+01
4.098709677419354591e+01
4.198064516129031887e+01
4.070322580645161281e+01
5.191612903225806264e+01
4.836774193548387046e+01
4.425161290322581209e+01
5.872903225806451388e+01
5.347741935483870890e+01
4.410967741935484554e+01
4.098709677419354591e+01
4.127096774193548612e+01
4.155483870967741922e+01
3.885806451612903345e+01
3.786451612903226049e+01
4.183870967741935232e+01
5.234193548387096229e+01
4.212258064516128542e+01
4.240645161290323273e+01
4.183870967741935232e+01
4.325806451612903203e+01
4.269032258064516583e+01
3.772258064516129394e+01
5.319354838709677580e+01
4.992903225806451672e+01
5.759354838709678148e+01
6.525806451612902492e+01
6.383870967741935232e+01
4.950322580645161707e+01
4.084516129032257936e+01
3.970967741935483986e+01
4.950322580645161707e+01
4.070322580645161281e+01
4.396774193548386478e+01
4.581290322580645835e+01
4.425161290322581209e+01
4.141290322580645267e+01
4.198064516129031887e+01
4.056129032258064626e+01
3.914193548387096655e+01
3.985161290322580641e+01
5.134838709677419644e+01
4.936129032258065052e+01
4.453548387096774519e+01
5.007096774193548328e+01
7.192903225806452383e+01
4.907741935483870321e+01
5.958064516129032739e+01
4.240645161290323273e+01
4.865161290322580356e+01
4.425161290322581209e+01
4.354193548387096513e+01
4.155483870967741922e+01
4.950322580645161707e+01
5.660000000000000142e+01
5.830322580645161423e+01
4.595483870967742490e+01
4.084516129032257936e+01
3.985161290322580641e+01
5.390322580645160855e+01
4.425161290322581209e+01
3.843225806451612669e+01
4.893548387096773666e+01
5.134838709677419644e+01
6.483225806451613948e+01
7.278064516129032313e+01
6.582580645161289112e+01
5.404516129032257510e+01
7.405806451612903629e+01
6.284516129032258647e+01
5.475483870967742206e+01
6.369677419354838577e+01
4.127096774193548612e+01
3.999354838709677296e+01
6.866451612903225055e+01
4.354193548387096513e+01
4.056129032258064626e+01
4.396774193548386478e+01
4.382580645161289823e+01
5.234193548387096229e+01
4.041935483870967971e+01
3.928387096774193310e+01
4.041935483870967971e+01
4.283225806451613238e+01
4.127096774193548612e+01
5.106451612903226334e+01
3.885806451612903345e+01
4.155483870967741922e+01
3.956774193548387331e+01
4.198064516129031887e+01
4.538709677419354449e+01
4.169677419354838577e+01
4.751612903225807116e+01
6.426451612903224486e+01
5.560645161290322136e+01
5.475483870967742206e+01
4.623870967741935800e+01
4.410967741935484554e+01
4.041935483870967971e+01
5.560645161290322136e+01
6.341290322580645267e+01
5.887096774193548043e+01
5.347741935483870890e+01
4.382580645161289823e+01
4.339999999999999858e+01
4.027741935483871316e+01
5.361935483870967545e+01
5.376129032258064200e+01
