1.345161290322580783e+01
1.345161290322580783e+01
1.345161290322580783e+01
1.416129032258064768e+01
1.487096774193548754e+01
1.330967741935484128e+01
1.543870967741935374e+01
1.600645161290322704e+01
1.600645161290322704e+01
1.572258064516129394e+01
1.515483870967742064e+01
1.529677419354838719e+01
1.373548387096774093e+01
1.572258064516129394e+01
1.827741935483871316e+01
1.189032258064516157e+01
1.671612903225806690e+01
1.785161290322580641e+01
2.054838709677419217e+01
1.714193548387096655e+01
2.026451612903225907e+01
1.756774193548387331e+01
1.614838709677419359e+01
1.898709677419354591e+01
1.998064516129032597e+01
1.742580645161290676e+01
1.955483870967741922e+01
1.870322580645161281e+01
1.983870967741935232e+01
2.026451612903225907e+01
1.998064516129032597e+01
2.210967741935483843e+01
2.423870967741935800e+01
2.139999999999999858e+01
1.998064516129032597e+01
2.054838709677419217e+01
1.983870967741935232e+01
2.040645161290322562e+01
1.969677419354838577e+01
1.998064516129032597e+01
2.154193548387096513e+01
1.841935483870967971e+01
1.955483870967741922e+01
1.061290322580644840e+01
1.955483870967741922e+01
1.969677419354838577e+01
2.225161290322580498e+01
2.196774193548387188e+01
2.054838709677419217e+01
1.998064516129032597e+01
1.969677419354838577e+01
1.629032258064516014e+01
1.884516129032257936e+01
1.927096774193548612e+01
1.827741935483871316e+01
1.742580645161290676e+01
1.799354838709677296e+01
1.870322580645161281e+01
2.054838709677419217e+01
2.225161290322580498e+01
2.168387096774193878e+01
2.069032258064515872e+01
2.040645161290322562e+01
1.983870967741935232e+01
1.898709677419354591e+01
2.040645161290322562e+01
1.983870967741935232e+01
1.600645161290322704e+01
1.728387096774193310e+01
1.700000000000000000e+01
1.657419354838710035e+01
1.998064516129032597e+01
2.012258064516129252e+01
1.870322580645161281e+01
1.827741935483871316e+01
1.629032258064516014e+01
1.416129032258064768e+01
1.671612903225806690e+01
1.770967741935483986e+01
1.487096774193548754e+01
1.558064516129032029e+01
1.685806451612903345e+01
1.501290322580645409e+01
1.770967741935483986e+01
1.614838709677419359e+01
1.827741935483871316e+01
1.458709677419354733e+01
1.373548387096774093e+01
1.614838709677419359e+01
1.487096774193548754e+01
1.316774193548386762e+01
1.274193548387096797e+01
1.359354838709677438e+01
1.444516129032258078e+01
1.387741935483870748e+01
1.444516129032258078e+01
1.416129032258064768e+01
1.586451612903226049e+01
1.629032258064516014e+01
1.827741935483871316e+01
1.217419354838709467e+01
1.288387096774193452e+01
1.245806451612903487e+01
1.444516129032258078e+01
1.231612903225806122e+01
1.345161290322580783e+01
1.373548387096774093e+01
1.416129032258064768e+01
1.700000000000000000e+01
1.870322580645161281e+01
1.614838709677419359e+01
1.543870967741935374e+01
1.487096774193548754e+01
1.401935483870968113e+01
1.345161290322580783e+01
1.316774193548386762e+01
1.302580645161290107e+01
1.373548387096774093e+01
1.288387096774193452e+01
1.316774193548386762e+01
1.359354838709677438e+01
1.146451612903225481e+01
1.032903225806451530e+01
1.189032258064516157e+01
1.302580645161290107e+01
1.288387096774193452e+01
1.430322580645161423e+01
1.345161290322580783e+01
1.359354838709677438e+01
1.458709677419354733e+01
1.430322580645161423e+01
1.401935483870968113e+01
1.345161290322580783e+01
1.444516129032258078e+01
1.401935483870968113e+01
1.401935483870968113e+01
1.401935483870968113e+01
1.458709677419354733e+01
1.487096774193548754e+01
1.458709677419354733e+01
1.586451612903226049e+01
1.458709677419354733e+01
1.416129032258064768e+01
1.487096774193548754e+01
1.387741935483870748e+01
1.373548387096774093e+01
1.160645161290322847e+01
1.245806451612903487e+01
1.302580645161290107e+01
1.543870967741935374e+01
1.401935483870968113e+01
1.345161290322580783e+01
1.401935483870968113e+01
1.430322580645161423e+01
1.586451612903226049e+01
1.969677419354838577e+01
2.026451612903225907e+01
