7.036774193548387757e+01
6.185161290322580641e+01
5.021290322580644983e+01
5.759354838709678148e+01
5.816129032258064768e+01
5.461290322580645551e+01
6.227741935483870606e+01
6.738709677419353739e+01
6.185161290322580641e+01
4.666451612903225765e+01
6.114193548387097366e+01
6.085806451612902634e+01
5.702580645161290107e+01
5.730967741935483417e+01
6.043225806451612669e+01
4.496129032258064484e+01
5.205806451612902919e+01
4.467741935483871174e+01
6.000645161290322704e+01
5.986451612903226049e+01
6.327096774193548612e+01
6.284516129032258647e+01
5.986451612903226049e+01
6.327096774193548612e+01
5.929677419354839429e+01
5.915483870967741353e+01
5.120645161290322989e+01
5.887096774193548043e+01
6.270322580645161992e+01
6.114193548387097366e+01
5.801935483870968113e+01
5.901290322580644698e+01
5.674193548387096797e+01
6.298709677419355302e+01
5.915483870967741353e+01
5.901290322580644698e+01
6.085806451612902634e+01
6.170967741935483986e+01
5.716774193548386762e+01
6.270322580645161992e+01
6.156774193548387331e+01
5.475483870967742206e+01
5.844516129032258078e+01
5.461290322580645551e+01
6.100000000000000711e+01
5.489677419354838861e+01
6.071612903225805979e+01
6.057419354838709324e+01
6.000645161290322704e+01
5.134838709677419644e+01
5.702580645161290107e+01
4.453548387096774519e+01
5.219999999999999574e+01
6.256129032258063916e+01
5.234193548387096229e+01
5.560645161290322136e+01
4.921935483870968397e+01
5.716774193548386762e+01
5.844516129032258078e+01
5.844516129032258078e+01
5.177419354838709609e+01
4.836774193548387046e+01
4.694838709677419075e+01
4.524516129032257794e+01
4.410967741935484554e+01
5.844516129032258078e+01
4.354193548387096513e+01
5.759354838709678148e+01
5.347741935483870890e+01
5.092258064516129679e+01
5.290967741935484270e+01
6.071612903225805979e+01
5.986451612903226049e+01
4.581290322580645835e+01
5.674193548387096797e+01
5.688387096774193452e+01
5.163225806451612954e+01
5.816129032258064768e+01
5.574838709677418791e+01
5.816129032258064768e+01
4.822580645161290391e+01
5.830322580645161423e+01
4.538709677419354449e+01
5.333548387096774235e+01
4.950322580645161707e+01
5.730967741935483417e+01
5.702580645161290107e+01
6.170967741935483986e+01
5.475483870967742206e+01
5.617419354838710177e+01
3.970967741935483986e+01
5.489677419354838861e+01
4.169677419354838577e+01
5.518064516129032171e+01
5.376129032258064200e+01
5.120645161290322989e+01
4.879354838709677011e+01
5.830322580645161423e+01
4.865161290322580356e+01
5.830322580645161423e+01
6.185161290322580641e+01
7.150322580645160997e+01
6.752903225806451815e+01
7.391612903225805553e+01
7.292258064516130389e+01
5.887096774193548043e+01
4.879354838709677011e+01
5.702580645161290107e+01
5.518064516129032171e+01
5.773548387096774803e+01
4.879354838709677011e+01
5.106451612903226334e+01
5.376129032258064200e+01
5.858709677419354733e+01
6.156774193548387331e+01
6.469032258064515872e+01
6.568387096774193878e+01
5.475483870967742206e+01
7.476774193548388325e+01
7.604516129032256799e+01
5.461290322580645551e+01
7.008387096774194447e+01
3.914193548387096655e+01
6.838064516129031745e+01
7.647096774193548185e+01
7.419999999999998863e+01
6.880645161290323131e+01
5.546451612903225481e+01
5.063870967741934948e+01
4.354193548387096513e+01
5.319354838709677580e+01
4.723225806451612385e+01
4.567096774193547759e+01
6.071612903225805979e+01
6.426451612903224486e+01
5.674193548387096797e+01
6.057419354838709324e+01
5.759354838709678148e+01
4.978709677419355017e+01
4.907741935483870321e+01
5.674193548387096797e+01
5.447096774193548896e+01
4.609677419354839145e+01
4.865161290322580356e+01
5.290967741935484270e+01
5.603225806451613522e+01
4.595483870967742490e+01
4.524516129032257794e+01
5.007096774193548328e+01
5.106451612903226334e+01
5.390322580645160855e+01
4.127096774193548612e+01
4.212258064516128542e+01
4.538709677419354449e+01
4.041935483870967971e+01
4.836774193548387046e+01
4.907741935483870321e+01
