1.657419354838710035e+01
nan
1.629032258064516014e+01
1.600645161290322704e+01
nan
nan
nan
4.269032258064516583e+01
4.169677419354838577e+01
4.240645161290323273e+01
4.183870967741935232e+01
1.132258064516128826e+01
3.389032258064516157e+01
nan
nan
nan
nan
nan
2.977419354838709609e+01
nan
3.516774193548387473e+01
nan
nan
nan
nan
5.290967741935484270e+01
nan
nan
4.212258064516128542e+01
nan
5.149032258064516299e+01
nan
nan
3.687096774193548754e+01
nan
nan
nan
1.728387096774193310e+01
nan
nan
nan
nan
nan
nan
nan
nan
nan
nan
nan
nan
nan
nan
nan
nan
nan
nan
nan
nan
nan
nan
5.972258064516129394e+01
5.603225806451613522e+01
nan
4.226451612903225197e+01
nan
6.241935483870967261e+01
nan
nan
nan
nan
nan
nan
nan
nan
nan
nan
nan
nan
nan
5.007096774193548328e+01
nan
nan
nan
nan
nan
nan
nan
nan
5.361935483870967545e+01
nan
nan
nan
nan
nan
nan
nan
nan
nan
nan
nan
nan
5.986451612903226049e+01
nan
1.444516129032258078e+01
nan
nan
nan
nan
nan
1.316774193548386762e+01
9.761290322580641998e+00
nan
nan
6.170967741935483986e+01
nan
nan
nan
nan
nan
nan
nan
nan
3.530967741935484128e+01
nan
nan
nan
nan
nan
nan
nan
nan
nan
nan
nan
5.730967741935483417e+01
5.759354838709678148e+01
5.816129032258064768e+01
nan
nan
5.418709677419355586e+01
7.192903225806452383e+01
2.892258064516128968e+01
nan
3.970967741935483986e+01
5.205806451612902919e+01
nan
nan
4.850967741935483701e+01
5.319354838709677580e+01
nan
nan
nan
5.617419354838710177e+01
4.311612903225806548e+01
nan
5.702580645161290107e+01
nan
nan
nan
nan
nan
nan
