7.533548387096774945e+01
nan
7.831612903225806122e+01
4.921935483870968397e+01
nan
nan
nan
7.249677419354839003e+01
7.022580645161289681e+01
7.845806451612904198e+01
7.150322580645160997e+01
3.445806451612903487e+01
5.106451612903226334e+01
nan
nan
nan
nan
nan
5.915483870967741353e+01
nan
7.505161290322581635e+01
nan
nan
nan
nan
7.859999999999999432e+01
nan
nan
7.916774193548386052e+01
nan
6.696129032258065195e+01
nan
nan
5.674193548387096797e+01
nan
nan
nan
5.447096774193548896e+01
nan
nan
nan
nan
nan
nan
nan
nan
nan
nan
nan
nan
nan
nan
nan
nan
nan
nan
nan
nan
nan
nan
9.123225806451611675e+01
8.881935483870967118e+01
nan
6.241935483870967261e+01
nan
8.186451612903226760e+01
nan
nan
nan
nan
nan
nan
nan
nan
nan
nan
nan
nan
nan
7.930967741935484128e+01
nan
nan
nan
nan
nan
nan
nan
nan
8.087096774193548754e+01
nan
nan
nan
nan
nan
nan
nan
nan
nan
nan
nan
nan
7.987741935483870748e+01
nan
3.630322580645161423e+01
nan
nan
nan
nan
nan
4.950322580645161707e+01
4.652258064516129110e+01
nan
nan
7.874193548387097508e+01
nan
nan
nan
nan
nan
nan
nan
nan
5.972258064516129394e+01
nan
nan
nan
nan
nan
nan
nan
nan
nan
nan
nan
7.774838709677419502e+01
7.803225806451612812e+01
7.732258064516128115e+01
nan
nan
7.334838709677418933e+01
9.279354838709676301e+01
4.936129032258065052e+01
nan
5.205806451612902919e+01
7.192903225806452383e+01
nan
nan
6.823870967741936511e+01
7.888387096774192742e+01
nan
nan
nan
8.058709677419355444e+01
7.746451612903226192e+01
nan
7.831612903225806122e+01
nan
nan
nan
nan
nan
nan
