9.193548387096775798e+00
8.483870967741935942e+00
8.909677419354839145e+00
9.051612903225805695e+00
9.619354838709675448e+00
9.619354838709675448e+00
1.089677419354838861e+01
1.245806451612903487e+01
1.089677419354838861e+01
1.345161290322580783e+01
1.146451612903225481e+01
1.075483870967742206e+01
1.203225806451612812e+01
8.909677419354839145e+00
1.217419354838709467e+01
1.359354838709677438e+01
1.274193548387096797e+01
1.359354838709677438e+01
1.941290322580645267e+01
1.813548387096773951e+01
1.912903225806451957e+01
1.927096774193548612e+01
1.955483870967741922e+01
2.069032258064515872e+01
1.316774193548386762e+01
1.018709677419354875e+01
1.103870967741935516e+01
1.444516129032258078e+01
1.955483870967741922e+01
2.210967741935483843e+01
2.125806451612903203e+01
1.998064516129032597e+01
1.770967741935483986e+01
2.182580645161290533e+01
2.296129032258064484e+01
2.338709677419355160e+01
2.125806451612903203e+01
1.998064516129032597e+01
1.898709677419354591e+01
2.338709677419355160e+01
2.381290322580645125e+01
1.643225806451612669e+01
1.416129032258064768e+01
1.359354838709677438e+01
1.387741935483870748e+01
1.472903225806451388e+01
1.444516129032258078e+01
1.260000000000000142e+01
1.274193548387096797e+01
1.203225806451612812e+01
1.245806451612903487e+01
9.619354838709675448e+00
1.288387096774193452e+01
1.032903225806451530e+01
1.274193548387096797e+01
1.742580645161290676e+01
1.728387096774193310e+01
1.387741935483870748e+01
1.217419354838709467e+01
1.316774193548386762e+01
9.761290322580641998e+00
1.799354838709677296e+01
1.345161290322580783e+01
1.345161290322580783e+01
1.941290322580645267e+01
1.643225806451612669e+01
1.373548387096774093e+01
1.742580645161290676e+01
1.998064516129032597e+01
1.898709677419354591e+01
2.026451612903225907e+01
1.359354838709677438e+01
1.075483870967742206e+01
1.700000000000000000e+01
1.316774193548386762e+01
1.359354838709677438e+01
1.543870967741935374e+01
2.054838709677419217e+01
2.225161290322580498e+01
2.352903225806451815e+01
2.267741935483871174e+01
2.409677419354838435e+01
2.395483870967741780e+01
2.069032258064515872e+01
1.927096774193548612e+01
1.387741935483870748e+01
2.125806451612903203e+01
1.941290322580645267e+01
1.373548387096774093e+01
1.487096774193548754e+01
2.012258064516129252e+01
2.139999999999999858e+01
2.438064516129032455e+01
2.125806451612903203e+01
1.671612903225806690e+01
1.770967741935483986e+01
2.083225806451613238e+01
2.040645161290322562e+01
1.983870967741935232e+01
1.856129032258064626e+01
1.998064516129032597e+01
1.174838709677419502e+01
2.125806451612903203e+01
1.912903225806451957e+01
1.231612903225806122e+01
2.239354838709677153e+01
2.210967741935483843e+01
2.239354838709677153e+01
2.125806451612903203e+01
1.870322580645161281e+01
1.941290322580645267e+01
1.416129032258064768e+01
1.274193548387096797e+01
1.543870967741935374e+01
2.083225806451613238e+01
1.870322580645161281e+01
2.253548387096774519e+01
1.927096774193548612e+01
1.955483870967741922e+01
1.685806451612903345e+01
1.700000000000000000e+01
1.302580645161290107e+01
1.600645161290322704e+01
1.685806451612903345e+01
1.444516129032258078e+01
1.685806451612903345e+01
1.189032258064516157e+01
8.058064516129032739e+00
1.174838709677419502e+01
1.174838709677419502e+01
1.217419354838709467e+01
1.146451612903225481e+01
1.288387096774193452e+01
1.075483870967742206e+01
1.700000000000000000e+01
1.955483870967741922e+01
1.955483870967741922e+01
1.316774193548386762e+01
1.444516129032258078e+01
2.182580645161290533e+01
2.097419354838709893e+01
2.196774193548387188e+01
2.139999999999999858e+01
2.069032258064515872e+01
2.281935483870967829e+01
1.217419354838709467e+01
2.452258064516129110e+01
1.728387096774193310e+01
2.395483870967741780e+01
2.111612903225806548e+01
1.472903225806451388e+01
1.501290322580645409e+01
1.203225806451612812e+01
1.614838709677419359e+01
1.501290322580645409e+01
1.330967741935484128e+01
1.742580645161290676e+01
1.657419354838710035e+01
1.941290322580645267e+01
1.714193548387096655e+01
1.785161290322580641e+01
1.671612903225806690e+01
2.012258064516129252e+01
2.054838709677419217e+01
2.210967741935483843e+01
2.409677419354838435e+01
2.196774193548387188e+01
2.367096774193548470e+01
2.338709677419355160e+01
2.168387096774193878e+01
2.225161290322580498e+01
2.267741935483871174e+01
2.225161290322580498e+01
2.381290322580645125e+01
1.274193548387096797e+01
2.324516129032257794e+01
1.898709677419354591e+01
1.330967741935484128e+01
2.040645161290322562e+01
1.998064516129032597e+01
2.239354838709677153e+01
1.444516129032258078e+01
2.168387096774193878e+01
2.239354838709677153e+01
2.296129032258064484e+01
