6.980000000000001137e+01
7.320645161290323699e+01
6.610967741935485265e+01
6.610967741935485265e+01
6.909032258064516441e+01
6.440645161290322562e+01
6.383870967741935232e+01
6.469032258064515872e+01
6.454838709677420638e+01
nan
6.341290322580645267e+01
6.312903225806451957e+01
6.298709677419355302e+01
6.241935483870967261e+01
6.170967741935483986e+01
6.241935483870967261e+01
6.114193548387097366e+01
6.298709677419355302e+01
6.142580645161290676e+01
5.887096774193548043e+01
6.142580645161290676e+01
5.475483870967742206e+01
5.915483870967741353e+01
5.702580645161290107e+01
6.156774193548387331e+01
6.213548387096773951e+01
6.241935483870967261e+01
6.270322580645161992e+01
5.887096774193548043e+01
6.170967741935483986e+01
5.986451612903226049e+01
6.014838709677419359e+01
5.787741935483871458e+01
6.029032258064516014e+01
6.199354838709677296e+01
6.100000000000000711e+01
5.858709677419354733e+01
5.858709677419354733e+01
6.100000000000000711e+01
6.000645161290322704e+01
6.029032258064516014e+01
5.929677419354839429e+01
6.156774193548387331e+01
6.241935483870967261e+01
6.142580645161290676e+01
6.284516129032258647e+01
6.085806451612902634e+01
6.497419354838709182e+01
6.298709677419355302e+01
6.170967741935483986e+01
6.398064516129031887e+01
6.312903225806451957e+01
6.284516129032258647e+01
6.156774193548387331e+01
6.426451612903224486e+01
5.958064516129032739e+01
6.341290322580645267e+01
5.958064516129032739e+01
6.341290322580645267e+01
6.525806451612902492e+01
6.284516129032258647e+01
5.958064516129032739e+01
6.426451612903224486e+01
6.440645161290322562e+01
6.014838709677419359e+01
6.256129032258063916e+01
6.142580645161290676e+01
6.525806451612902492e+01
6.256129032258063916e+01
6.412258064516129252e+01
6.043225806451612669e+01
6.213548387096773951e+01
6.142580645161290676e+01
6.270322580645161992e+01
6.497419354838709182e+01
6.270322580645161992e+01
6.185161290322580641e+01
6.270322580645161992e+01
5.872903225806451388e+01
5.688387096774193452e+01
6.029032258064516014e+01
6.426451612903224486e+01
6.298709677419355302e+01
5.972258064516129394e+01
5.532258064516128826e+01
6.312903225806451957e+01
6.241935483870967261e+01
6.014838709677419359e+01
6.029032258064516014e+01
6.085806451612902634e+01
5.872903225806451388e+01
6.057419354838709324e+01
6.426451612903224486e+01
6.014838709677419359e+01
5.645806451612903487e+01
6.029032258064516014e+01
6.114193548387097366e+01
5.830322580645161423e+01
6.256129032258063916e+01
5.986451612903226049e+01
6.014838709677419359e+01
5.901290322580644698e+01
5.574838709677418791e+01
5.943870967741936084e+01
6.270322580645161992e+01
5.986451612903226049e+01
6.610967741935485265e+01
5.901290322580644698e+01
6.128387096774194021e+01
6.071612903225805979e+01
5.986451612903226049e+01
5.958064516129032739e+01
5.972258064516129394e+01
5.858709677419354733e+01
5.660000000000000142e+01
5.986451612903226049e+01
5.901290322580644698e+01
5.702580645161290107e+01
5.730967741935483417e+01
5.915483870967741353e+01
6.000645161290322704e+01
6.170967741935483986e+01
5.872903225806451388e+01
5.858709677419354733e+01
6.341290322580645267e+01
6.100000000000000711e+01
6.000645161290322704e+01
6.241935483870967261e+01
6.170967741935483986e+01
6.312903225806451957e+01
6.327096774193548612e+01
5.901290322580644698e+01
6.170967741935483986e+01
6.114193548387097366e+01
6.100000000000000711e+01
5.730967741935483417e+01
5.660000000000000142e+01
6.085806451612902634e+01
6.199354838709677296e+01
6.156774193548387331e+01
5.816129032258064768e+01
5.716774193548386762e+01
5.489677419354838861e+01
5.376129032258064200e+01
6.199354838709677296e+01
5.887096774193548043e+01
6.241935483870967261e+01
5.986451612903226049e+01
6.241935483870967261e+01
6.128387096774194021e+01
6.241935483870967261e+01
5.759354838709678148e+01
6.156774193548387331e+01
5.872903225806451388e+01
5.986451612903226049e+01
5.872903225806451388e+01
6.085806451612902634e+01
5.759354838709678148e+01
6.057419354838709324e+01
5.887096774193548043e+01
5.901290322580644698e+01
5.603225806451613522e+01
5.447096774193548896e+01
5.915483870967741353e+01
6.227741935483870606e+01
6.241935483870967261e+01
6.156774193548387331e+01
5.972258064516129394e+01
6.312903225806451957e+01
6.185161290322580641e+01
6.412258064516129252e+01
6.114193548387097366e+01
6.383870967741935232e+01
6.256129032258063916e+01
6.312903225806451957e+01
6.383870967741935232e+01
6.100000000000000711e+01
6.270322580645161992e+01
6.114193548387097366e+01
5.915483870967741353e+01
5.617419354838710177e+01
6.227741935483870606e+01
6.029032258064516014e+01
6.383870967741935232e+01
6.298709677419355302e+01
