2.892258064516128968e+01
2.934838709677419644e+01
3.090967741935483559e+01
2.934838709677419644e+01
2.949032258064516299e+01
3.318064516129032171e+01
3.133548387096774235e+01
2.849677419354839003e+01
2.821290322580644983e+01
2.721935483870967687e+01
3.119354838709677580e+01
3.048387096774193594e+01
3.232903225806451530e+01
2.963225806451612954e+01
3.261290322580645551e+01
3.516774193548387473e+01
3.516774193548387473e+01
3.303870967741935516e+01
3.275483870967742206e+01
3.176129032258064200e+01
2.821290322580644983e+01
3.488387096774193452e+01
3.460000000000000142e+01
3.843225806451612669e+01
3.275483870967742206e+01
3.516774193548387473e+01
3.318064516129032171e+01
3.417419354838709467e+01
3.374838709677419502e+01
3.431612903225806832e+01
3.644516129032258078e+01
nan
3.204516129032258220e+01
3.630322580645161423e+01
3.559354838709677438e+01
3.644516129032258078e+01
3.616129032258064768e+01
3.559354838709677438e+01
7.207096774193547617e+01
nan
nan
nan
nan
nan
nan
nan
nan
nan
nan
nan
3.318064516129032171e+01
nan
nan
nan
3.573548387096774093e+01
3.559354838709677438e+01
3.601935483870968113e+01
nan
3.829032258064516014e+01
3.460000000000000142e+01
3.445806451612903487e+01
3.743870967741935374e+01
3.601935483870968113e+01
3.829032258064516014e+01
4.056129032258064626e+01
3.360645161290322847e+01
3.772258064516129394e+01
3.530967741935484128e+01
3.502580645161290107e+01
3.814838709677419359e+01
3.516774193548387473e+01
3.403225806451612812e+01
3.374838709677419502e+01
3.275483870967742206e+01
3.999354838709677296e+01
3.772258064516129394e+01
3.942580645161290676e+01
nan
3.814838709677419359e+01
nan
3.687096774193548754e+01
3.587741935483870748e+01
3.885806451612903345e+01
3.573548387096774093e+01
3.360645161290322847e+01
3.161935483870967545e+01
3.516774193548387473e+01
3.715483870967742064e+01
3.289677419354838861e+01
3.701290322580645409e+01
nan
nan
nan
nan
nan
4.510322580645161139e+01
4.027741935483871316e+01
4.183870967741935232e+01
3.729677419354838719e+01
3.530967741935484128e+01
3.530967741935484128e+01
3.261290322580645551e+01
3.318064516129032171e+01
3.176129032258064200e+01
3.445806451612903487e+01
3.530967741935484128e+01
3.545161290322580783e+01
3.601935483870968113e+01
3.942580645161290676e+01
nan
nan
nan
3.530967741935484128e+01
3.403225806451612812e+01
3.786451612903226049e+01
3.743870967741935374e+01
3.743870967741935374e+01
4.056129032258064626e+01
3.857419354838710035e+01
3.956774193548387331e+01
3.758064516129032029e+01
nan
3.928387096774193310e+01
3.800645161290322704e+01
nan
4.325806451612903203e+01
nan
nan
nan
nan
3.587741935483870748e+01
3.843225806451612669e+01
3.389032258064516157e+01
3.417419354838709467e+01
3.261290322580645551e+01
3.062580645161290249e+01
3.417419354838709467e+01
3.232903225806451530e+01
3.644516129032258078e+01
3.814838709677419359e+01
4.112903225806451957e+01
3.829032258064516014e+01
3.587741935483870748e+01
4.141290322580645267e+01
3.885806451612903345e+01
4.070322580645161281e+01
nan
nan
nan
3.814838709677419359e+01
3.516774193548387473e+01
3.970967741935483986e+01
3.687096774193548754e+01
4.212258064516128542e+01
nan
4.070322580645161281e+01
4.056129032258064626e+01
3.772258064516129394e+01
3.530967741935484128e+01
nan
nan
3.956774193548387331e+01
3.814838709677419359e+01
3.460000000000000142e+01
3.885806451612903345e+01
4.368387096774193168e+01
