4.921935483870968397e+01
5.830322580645161423e+01
4.709032258064515730e+01
5.305161290322580925e+01
5.007096774193548328e+01
4.808387096774193736e+01
5.986451612903226049e+01
5.404516129032257510e+01
5.418709677419355586e+01
6.596774193548387188e+01
4.737419354838709040e+01
4.666451612903225765e+01
4.822580645161290391e+01
5.503870967741935516e+01
4.780000000000000426e+01
5.645806451612903487e+01
5.063870967741934948e+01
4.652258064516129110e+01
4.709032258064515730e+01
4.567096774193547759e+01
6.483225806451613948e+01
6.838064516129031745e+01
6.369677419354838577e+01
5.447096774193548896e+01
5.901290322580644698e+01
5.163225806451612954e+01
5.532258064516128826e+01
5.716774193548386762e+01
4.865161290322580356e+01
5.901290322580644698e+01
6.610967741935485265e+01
nan
6.057419354838709324e+01
6.312903225806451957e+01
6.596774193548387188e+01
6.241935483870967261e+01
6.412258064516129252e+01
6.469032258064515872e+01
9.350322580645160997e+01
nan
nan
nan
nan
nan
nan
nan
nan
nan
nan
nan
7.419999999999998863e+01
nan
nan
nan
6.071612903225805979e+01
5.617419354838710177e+01
6.071612903225805979e+01
nan
6.284516129032258647e+01
6.312903225806451957e+01
5.219999999999999574e+01
5.702580645161290107e+01
5.262580645161290960e+01
5.589032258064516867e+01
6.128387096774194021e+01
6.142580645161290676e+01
6.142580645161290676e+01
6.043225806451612669e+01
6.398064516129031887e+01
6.341290322580645267e+01
6.525806451612902492e+01
4.907741935483870321e+01
6.582580645161289112e+01
6.369677419354838577e+01
6.057419354838709324e+01
5.617419354838710177e+01
7.349032258064517009e+01
nan
6.440645161290322562e+01
nan
6.270322580645161992e+01
6.724516129032258505e+01
6.327096774193548612e+01
5.688387096774193452e+01
5.447096774193548896e+01
4.794193548387097081e+01
5.432903225806452241e+01
6.653548387096773808e+01
4.978709677419355017e+01
5.376129032258064200e+01
nan
nan
nan
nan
nan
7.732258064516128115e+01
7.178709677419354307e+01
6.256129032258063916e+01
7.036774193548387757e+01
7.008387096774194447e+01
5.134838709677419644e+01
5.447096774193548896e+01
6.057419354838709324e+01
5.092258064516129679e+01
6.270322580645161992e+01
6.398064516129031887e+01
5.858709677419354733e+01
7.249677419354839003e+01
7.377419354838710319e+01
nan
nan
nan
5.858709677419354733e+01
6.327096774193548612e+01
6.469032258064515872e+01
6.327096774193548612e+01
6.511612903225807258e+01
5.830322580645161423e+01
6.454838709677420638e+01
6.256129032258063916e+01
5.844516129032258078e+01
nan
6.369677419354838577e+01
7.505161290322581635e+01
nan
7.618709677419354875e+01
nan
nan
nan
nan
5.887096774193548043e+01
6.170967741935483986e+01
6.610967741935485265e+01
6.000645161290322704e+01
6.937419354838709751e+01
6.142580645161290676e+01
6.369677419354838577e+01
5.816129032258064768e+01
6.241935483870967261e+01
6.327096774193548612e+01
6.014838709677419359e+01
6.383870967741935232e+01
6.227741935483870606e+01
6.100000000000000711e+01
6.170967741935483986e+01
6.454838709677420638e+01
nan
nan
nan
5.801935483870968113e+01
6.156774193548387331e+01
6.100000000000000711e+01
6.369677419354838577e+01
6.213548387096773951e+01
nan
7.093548387096774377e+01
7.817419354838710888e+01
5.489677419354838861e+01
6.312903225806451957e+01
nan
nan
6.398064516129031887e+01
5.759354838709678148e+01
5.816129032258064768e+01
5.276774193548387615e+01
5.943870967741936084e+01
