2.750322580645160997e+01
2.792903225806451672e+01
2.594193548387097081e+01
3.034193548387096939e+01
3.034193548387096939e+01
3.133548387096774235e+01
3.488387096774193452e+01
3.105161290322580925e+01
nan
2.977419354838709609e+01
2.863870967741935658e+01
2.892258064516128968e+01
3.105161290322580925e+01
3.020000000000000284e+01
3.147741935483870890e+01
3.275483870967742206e+01
3.417419354838709467e+01
3.488387096774193452e+01
3.133548387096774235e+01
3.530967741935484128e+01
3.516774193548387473e+01
3.701290322580645409e+01
nan
nan
3.559354838709677438e+01
3.190322580645161565e+01
nan
3.403225806451612812e+01
3.857419354838710035e+01
3.303870967741935516e+01
3.374838709677419502e+01
3.403225806451612812e+01
nan
nan
4.155483870967741922e+01
nan
nan
3.630322580645161423e+01
nan
nan
nan
nan
nan
nan
nan
nan
nan
4.254838709677419928e+01
4.084516129032257936e+01
4.112903225806451957e+01
3.658709677419354733e+01
3.644516129032258078e+01
3.587741935483870748e+01
3.672903225806451388e+01
nan
nan
nan
3.743870967741935374e+01
3.871612903225806690e+01
3.772258064516129394e+01
4.183870967741935232e+01
nan
3.289677419354838861e+01
3.417419354838709467e+01
2.764516129032258362e+01
2.736129032258064342e+01
2.835483870967741638e+01
2.920645161290322278e+01
2.906451612903225623e+01
3.147741935483870890e+01
2.977419354838709609e+01
3.020000000000000284e+01
3.474193548387096797e+01
3.559354838709677438e+01
3.800645161290322704e+01
4.169677419354838577e+01
3.644516129032258078e+01
3.829032258064516014e+01
3.715483870967742064e+01
3.786451612903226049e+01
6.241935483870967261e+01
nan
nan
3.800645161290322704e+01
3.502580645161290107e+01
3.488387096774193452e+01
3.786451612903226049e+01
3.900000000000000000e+01
nan
nan
nan
nan
nan
nan
nan
nan
nan
nan
nan
nan
nan
nan
nan
4.254838709677419928e+01
nan
nan
nan
4.041935483870967971e+01
nan
3.644516129032258078e+01
3.843225806451612669e+01
3.758064516129032029e+01
2.963225806451612954e+01
3.062580645161290249e+01
3.090967741935483559e+01
3.034193548387096939e+01
2.920645161290322278e+01
nan
nan
3.247096774193548185e+01
nan
nan
nan
nan
nan
nan
nan
3.090967741935483559e+01
nan
nan
nan
3.218709677419354875e+01
3.332258064516128826e+01
3.303870967741935516e+01
3.601935483870968113e+01
3.701290322580645409e+01
nan
3.914193548387096655e+01
3.914193548387096655e+01
nan
nan
nan
3.573548387096774093e+01
nan
nan
nan
nan
nan
nan
nan
nan
nan
nan
nan
nan
nan
