5.603225806451613522e+01
5.730967741935483417e+01
6.497419354838709182e+01
5.149032258064516299e+01
5.092258064516129679e+01
4.992903225806451672e+01
5.432903225806452241e+01
4.524516129032257794e+01
nan
4.822580645161290391e+01
5.234193548387096229e+01
5.503870967741935516e+01
5.134838709677419644e+01
5.986451612903226049e+01
5.858709677419354733e+01
5.674193548387096797e+01
5.106451612903226334e+01
5.645806451612903487e+01
4.836774193548387046e+01
5.390322580645160855e+01
5.745161290322580072e+01
6.227741935483870606e+01
nan
nan
6.440645161290322562e+01
4.936129032258065052e+01
nan
6.426451612903224486e+01
5.887096774193548043e+01
4.865161290322580356e+01
5.120645161290322989e+01
6.312903225806451957e+01
nan
nan
6.057419354838709324e+01
nan
nan
5.248387096774194305e+01
nan
nan
nan
nan
nan
nan
nan
nan
nan
7.490967741935483559e+01
6.823870967741936511e+01
6.114193548387097366e+01
6.767096774193547049e+01
6.710322580645160429e+01
6.057419354838709324e+01
5.929677419354839429e+01
nan
nan
nan
6.213548387096773951e+01
5.972258064516129394e+01
6.213548387096773951e+01
6.043225806451612669e+01
nan
5.532258064516128826e+01
5.248387096774194305e+01
5.759354838709678148e+01
5.276774193548387615e+01
6.185161290322580641e+01
5.063870967741934948e+01
6.270322580645161992e+01
6.398064516129031887e+01
5.489677419354838861e+01
5.532258064516128826e+01
5.560645161290322136e+01
5.404516129032257510e+01
5.887096774193548043e+01
6.213548387096773951e+01
5.830322580645161423e+01
5.972258064516129394e+01
6.142580645161290676e+01
6.114193548387097366e+01
6.241935483870967261e+01
nan
nan
5.759354838709678148e+01
5.858709677419354733e+01
6.227741935483870606e+01
6.341290322580645267e+01
6.199354838709677296e+01
nan
nan
nan
nan
nan
nan
nan
nan
nan
nan
nan
nan
nan
nan
nan
6.894838709677418365e+01
nan
nan
nan
6.298709677419355302e+01
nan
6.043225806451612669e+01
6.170967741935483986e+01
5.489677419354838861e+01
5.801935483870968113e+01
4.936129032258065052e+01
4.780000000000000426e+01
4.595483870967742490e+01
6.100000000000000711e+01
nan
nan
4.836774193548387046e+01
nan
nan
nan
nan
nan
nan
nan
5.163225806451612954e+01
nan
nan
nan
4.780000000000000426e+01
5.021290322580644983e+01
4.978709677419355017e+01
5.518064516129032171e+01
5.404516129032257510e+01
nan
6.029032258064516014e+01
6.185161290322580641e+01
nan
nan
nan
5.489677419354838861e+01
nan
nan
nan
nan
nan
nan
nan
nan
nan
nan
nan
nan
nan
