5.078064516129033024e+01
5.134838709677419644e+01
5.049677419354838293e+01
5.234193548387096229e+01
5.134838709677419644e+01
5.106451612903226334e+01
5.191612903225806264e+01
5.205806451612902919e+01
5.290967741935484270e+01
5.376129032258064200e+01
5.361935483870967545e+01
5.092258064516129679e+01
5.163225806451612954e+01
4.907741935483870321e+01
5.078064516129033024e+01
5.134838709677419644e+01
5.248387096774194305e+01
5.376129032258064200e+01
5.319354838709677580e+01
5.376129032258064200e+01
5.262580645161290960e+01
5.049677419354838293e+01
5.603225806451613522e+01
5.518064516129032171e+01
5.574838709677418791e+01
4.013548387096773951e+01
3.545161290322580783e+01
nan
5.603225806451613522e+01
5.503870967741935516e+01
5.801935483870968113e+01
5.730967741935483417e+01
5.702580645161290107e+01
5.546451612903225481e+01
5.461290322580645551e+01
5.787741935483871458e+01
5.745161290322580072e+01
5.674193548387096797e+01
5.688387096774193452e+01
5.858709677419354733e+01
5.787741935483871458e+01
5.915483870967741353e+01
4.780000000000000426e+01
nan
nan
3.729677419354838719e+01
3.474193548387096797e+01
2.963225806451612954e+01
5.347741935483870890e+01
5.248387096774194305e+01
5.149032258064516299e+01
5.219999999999999574e+01
5.049677419354838293e+01
5.177419354838709609e+01
5.290967741935484270e+01
5.518064516129032171e+01
5.290967741935484270e+01
5.191612903225806264e+01
5.078064516129033024e+01
4.950322580645161707e+01
5.149032258064516299e+01
5.120645161290322989e+01
5.120645161290322989e+01
5.120645161290322989e+01
5.234193548387096229e+01
4.794193548387097081e+01
5.049677419354838293e+01
5.149032258064516299e+01
5.234193548387096229e+01
5.418709677419355586e+01
5.361935483870967545e+01
5.234193548387096229e+01
5.489677419354838861e+01
5.674193548387096797e+01
5.617419354838710177e+01
5.404516129032257510e+01
5.660000000000000142e+01
5.092258064516129679e+01
5.333548387096774235e+01
5.361935483870967545e+01
5.418709677419355586e+01
5.134838709677419644e+01
5.149032258064516299e+01
5.432903225806452241e+01
5.347741935483870890e+01
5.361935483870967545e+01
5.390322580645160855e+01
4.439354838709677864e+01
5.361935483870967545e+01
5.816129032258064768e+01
5.063870967741934948e+01
4.056129032258064626e+01
5.461290322580645551e+01
3.800645161290322704e+01
5.631612903225806832e+01
5.773548387096774803e+01
5.730967741935483417e+01
5.574838709677418791e+01
5.816129032258064768e+01
6.185161290322580641e+01
5.844516129032258078e+01
nan
5.801935483870968113e+01
3.020000000000000284e+01
6.114193548387097366e+01
5.716774193548386762e+01
5.234193548387096229e+01
5.219999999999999574e+01
5.219999999999999574e+01
5.092258064516129679e+01
5.049677419354838293e+01
5.248387096774194305e+01
5.290967741935484270e+01
1.856129032258064626e+01
2.040645161290322562e+01
nan
5.617419354838710177e+01
5.631612903225806832e+01
2.622580645161290391e+01
5.560645161290322136e+01
5.816129032258064768e+01
5.503870967741935516e+01
5.716774193548386762e+01
5.645806451612903487e+01
5.617419354838710177e+01
5.461290322580645551e+01
5.518064516129032171e+01
5.276774193548387615e+01
4.666451612903225765e+01
5.290967741935484270e+01
5.702580645161290107e+01
5.532258064516128826e+01
5.475483870967742206e+01
nan
4.112903225806451957e+01
nan
2.509032258064516441e+01
5.844516129032258078e+01
5.660000000000000142e+01
nan
5.872903225806451388e+01
5.702580645161290107e+01
4.950322580645161707e+01
5.958064516129032739e+01
5.660000000000000142e+01
4.410967741935484554e+01
4.183870967741935232e+01
nan
5.660000000000000142e+01
5.361935483870967545e+01
5.858709677419354733e+01
5.390322580645160855e+01
5.603225806451613522e+01
