8.129677419354840140e+01
8.016129032258064058e+01
7.519354838709676869e+01
7.533548387096774945e+01
7.675483870967741495e+01
8.470322580645162702e+01
7.278064516129032313e+01
7.050967741935482991e+01
7.235483870967740927e+01
7.107741935483872453e+01
7.476774193548388325e+01
6.980000000000001137e+01
7.760645161290321425e+01
8.314193548387098076e+01
7.221290322580645693e+01
7.093548387096774377e+01
7.136129032258065763e+01
7.164516129032259073e+01
7.050967741935482991e+01
7.334838709677418933e+01
7.093548387096774377e+01
7.164516129032259073e+01
7.377419354838710319e+01
7.278064516129032313e+01
7.263870967741934237e+01
7.192903225806452383e+01
7.036774193548387757e+01
nan
7.547741935483870179e+01
7.249677419354839003e+01
7.817419354838710888e+01
7.647096774193548185e+01
7.618709677419354875e+01
7.675483870967741495e+01
7.320645161290323699e+01
7.718064516129032882e+01
7.647096774193548185e+01
7.434193548387096939e+01
7.760645161290321425e+01
7.803225806451612812e+01
7.789032258064517578e+01
7.789032258064517578e+01
7.363225806451612243e+01
nan
nan
7.107741935483872453e+01
7.192903225806452383e+01
7.150322580645160997e+01
7.249677419354839003e+01
7.192903225806452383e+01
7.249677419354839003e+01
7.320645161290323699e+01
7.746451612903226192e+01
7.278064516129032313e+01
7.221290322580645693e+01
7.278064516129032313e+01
7.349032258064517009e+01
7.519354838709676869e+01
8.115483870967742064e+01
8.143870967741935374e+01
8.214838709677420070e+01
7.178709677419354307e+01
7.817419354838710888e+01
7.363225806451612243e+01
7.136129032258065763e+01
7.121935483870967687e+01
7.263870967741934237e+01
7.306451612903225623e+01
7.448387096774195015e+01
7.519354838709676869e+01
7.490967741935483559e+01
7.476774193548388325e+01
7.490967741935483559e+01
7.448387096774195015e+01
7.831612903225806122e+01
7.377419354838710319e+01
7.703870967741934805e+01
7.150322580645160997e+01
7.349032258064517009e+01
7.278064516129032313e+01
6.980000000000001137e+01
7.235483870967740927e+01
7.221290322580645693e+01
7.150322580645160997e+01
7.320645161290323699e+01
7.377419354838710319e+01
7.192903225806452383e+01
7.178709677419354307e+01
7.207096774193547617e+01
7.647096774193548185e+01
7.136129032258065763e+01
7.207096774193547617e+01
7.263870967741934237e+01
7.349032258064517009e+01
7.363225806451612243e+01
7.448387096774195015e+01
7.859999999999999432e+01
7.419999999999998863e+01
7.973548387096775514e+01
8.427741935483871316e+01
7.774838709677419502e+01
nan
7.987741935483870748e+01
5.134838709677419644e+01
9.123225806451611675e+01
7.249677419354839003e+01
7.448387096774195015e+01
7.448387096774195015e+01
7.590322580645161565e+01
7.221290322580645693e+01
7.065161290322581067e+01
7.065161290322581067e+01
7.249677419354839003e+01
4.765806451612903771e+01
4.538709677419354449e+01
nan
7.618709677419354875e+01
7.278064516129032313e+01
4.836774193548387046e+01
7.632903225806452951e+01
7.661290322580646261e+01
7.363225806451612243e+01
7.490967741935483559e+01
7.547741935483870179e+01
7.235483870967740927e+01
7.292258064516130389e+01
7.079354838709676301e+01
7.320645161290323699e+01
7.278064516129032313e+01
7.093548387096774377e+01
7.434193548387096939e+01
7.192903225806452383e+01
7.363225806451612243e+01
nan
7.278064516129032313e+01
nan
4.538709677419354449e+01
8.030322580645162134e+01
8.810967741935485265e+01
nan
7.987741935483870748e+01
8.370967741935484696e+01
7.405806451612903629e+01
8.782580645161289112e+01
7.334838709677418933e+01
7.278064516129032313e+01
7.150322580645160997e+01
nan
7.107741935483872453e+01
7.121935483870967687e+01
7.334838709677418933e+01
7.121935483870967687e+01
7.547741935483870179e+01
