2.807096774193548328e+01
2.792903225806451672e+01
2.807096774193548328e+01
2.821290322580644983e+01
2.792903225806451672e+01
2.764516129032258362e+01
3.289677419354838861e+01
2.863870967741935658e+01
nan
nan
nan
nan
2.807096774193548328e+01
nan
nan
nan
nan
nan
nan
nan
nan
nan
nan
2.878064516129032313e+01
2.807096774193548328e+01
2.736129032258064342e+01
2.920645161290322278e+01
2.878064516129032313e+01
nan
2.849677419354839003e+01
nan
nan
nan
nan
nan
nan
nan
nan
nan
2.792903225806451672e+01
nan
nan
nan
7.121935483870967687e+01
2.267741935483871174e+01
nan
nan
nan
nan
nan
nan
2.821290322580644983e+01
nan
nan
nan
nan
nan
nan
nan
nan
3.303870967741935516e+01
nan
nan
nan
nan
nan
nan
2.821290322580644983e+01
2.821290322580644983e+01
2.807096774193548328e+01
2.650967741935483701e+01
2.792903225806451672e+01
nan
nan
nan
nan
nan
nan
nan
2.821290322580644983e+01
2.764516129032258362e+01
2.792903225806451672e+01
5.191612903225806264e+01
2.778709677419355017e+01
2.920645161290322278e+01
2.792903225806451672e+01
2.863870967741935658e+01
2.835483870967741638e+01
nan
nan
nan
nan
2.792903225806451672e+01
2.821290322580644983e+01
2.821290322580644983e+01
nan
nan
nan
2.764516129032258362e+01
2.821290322580644983e+01
2.849677419354839003e+01
2.892258064516128968e+01
nan
nan
nan
nan
nan
nan
nan
nan
nan
nan
nan
nan
2.849677419354839003e+01
2.892258064516128968e+01
2.821290322580644983e+01
2.835483870967741638e+01
2.863870967741935658e+01
2.849677419354839003e+01
nan
nan
nan
nan
3.616129032258064768e+01
nan
nan
nan
nan
nan
6.241935483870967261e+01
nan
nan
nan
nan
nan
nan
nan
nan
nan
nan
nan
nan
nan
nan
nan
nan
nan
nan
