6.923225806451611675e+01
7.079354838709676301e+01
7.405806451612903629e+01
7.604516129032256799e+01
4.794193548387097081e+01
4.694838709677419075e+01
5.688387096774193452e+01
4.978709677419355017e+01
nan
nan
nan
nan
4.311612903225806548e+01
nan
nan
nan
nan
nan
nan
nan
nan
nan
nan
4.581290322580645835e+01
4.552903225806451104e+01
4.368387096774193168e+01
4.538709677419354449e+01
4.879354838709677011e+01
nan
4.354193548387096513e+01
nan
nan
nan
nan
nan
nan
nan
nan
nan
4.481935483870967829e+01
nan
nan
nan
8.796774193548387188e+01
4.339999999999999858e+01
nan
nan
nan
nan
nan
nan
4.581290322580645835e+01
nan
nan
nan
nan
nan
nan
nan
nan
4.893548387096773666e+01
nan
nan
nan
nan
nan
nan
4.538709677419354449e+01
4.368387096774193168e+01
4.893548387096773666e+01
6.355483870967741922e+01
8.470322580645162702e+01
nan
nan
nan
nan
nan
nan
nan
4.354193548387096513e+01
4.396774193548386478e+01
4.425161290322581209e+01
8.512903225806451246e+01
4.382580645161289823e+01
5.716774193548386762e+01
4.822580645161290391e+01
4.794193548387097081e+01
4.510322580645161139e+01
nan
nan
nan
nan
7.107741935483872453e+01
5.276774193548387615e+01
4.907741935483870321e+01
nan
nan
nan
4.467741935483871174e+01
6.398064516129031887e+01
8.058709677419355444e+01
7.448387096774195015e+01
nan
nan
nan
nan
nan
nan
nan
nan
nan
nan
nan
nan
4.850967741935483701e+01
4.623870967741935800e+01
4.822580645161290391e+01
5.816129032258064768e+01
5.347741935483870890e+01
4.751612903225807116e+01
nan
nan
nan
nan
5.801935483870968113e+01
nan
nan
nan
nan
nan
9.094838709677418365e+01
nan
nan
nan
nan
nan
nan
nan
nan
nan
nan
nan
nan
nan
nan
nan
nan
nan
nan
