2.678516129032258775e+01
2.606980645161290866e+01
2.624864516129032310e+01
2.606980645161290866e+01
2.678516129032258775e+01
2.624864516129032310e+01
2.678516129032258775e+01
2.606980645161290866e+01
2.642748387096774465e+01
2.642748387096774465e+01
2.624864516129032310e+01
2.732167741935484528e+01
2.624864516129032310e+01
2.589096774193548711e+01
2.660632258064516620e+01
2.642748387096774465e+01
2.642748387096774465e+01
2.642748387096774465e+01
2.624864516129032310e+01
2.678516129032258775e+01
2.606980645161290866e+01
2.642748387096774465e+01
2.606980645161290866e+01
2.589096774193548711e+01
2.589096774193548711e+01
2.589096774193548711e+01
2.606980645161290866e+01
2.571212903225806556e+01
2.535445161290322957e+01
2.535445161290322957e+01
2.571212903225806556e+01
2.606980645161290866e+01
2.553329032258065112e+01
2.553329032258065112e+01
2.624864516129032310e+01
2.517561290322580803e+01
2.642748387096774465e+01
2.642748387096774465e+01
2.606980645161290866e+01
2.589096774193548711e+01
2.589096774193548711e+01
2.660632258064516620e+01
2.571212903225806556e+01
2.571212903225806556e+01
2.696400000000000219e+01
2.606980645161290866e+01
2.624864516129032310e+01
2.589096774193548711e+01
2.606980645161290866e+01
2.606980645161290866e+01
2.606980645161290866e+01
2.624864516129032310e+01
2.624864516129032310e+01
2.571212903225806556e+01
2.606980645161290866e+01
2.660632258064516620e+01
2.714283870967742374e+01
2.678516129032258775e+01
2.660632258064516620e+01
2.642748387096774465e+01
2.606980645161290866e+01
2.624864516129032310e+01
2.606980645161290866e+01
2.642748387096774465e+01
2.624864516129032310e+01
2.696400000000000219e+01
2.660632258064516620e+01
2.714283870967742374e+01
2.678516129032258775e+01
2.696400000000000219e+01
2.642748387096774465e+01
2.678516129032258775e+01
2.606980645161290866e+01
2.571212903225806556e+01
2.571212903225806556e+01
2.606980645161290866e+01
2.660632258064516620e+01
2.624864516129032310e+01
2.660632258064516620e+01
2.696400000000000219e+01
2.660632258064516620e+01
2.660632258064516620e+01
2.732167741935484528e+01
2.714283870967742374e+01
2.732167741935484528e+01
2.660632258064516620e+01
2.696400000000000219e+01
2.714283870967742374e+01
2.642748387096774465e+01
2.678516129032258775e+01
2.642748387096774465e+01
2.589096774193548711e+01
2.678516129032258775e+01
2.660632258064516620e+01
2.678516129032258775e+01
2.696400000000000219e+01
2.696400000000000219e+01
2.767935483870968127e+01
2.696400000000000219e+01
2.750051612903225973e+01
2.732167741935484528e+01
2.750051612903225973e+01
2.660632258064516620e+01
2.624864516129032310e+01
2.696400000000000219e+01
2.642748387096774465e+01
2.678516129032258775e+01
2.732167741935484528e+01
2.714283870967742374e+01
2.660632258064516620e+01
2.678516129032258775e+01
2.696400000000000219e+01
2.714283870967742374e+01
2.589096774193548711e+01
2.696400000000000219e+01
2.696400000000000219e+01
2.767935483870968127e+01
2.714283870967742374e+01
2.642748387096774465e+01
2.750051612903225973e+01
2.767935483870968127e+01
2.785819354838710282e+01
2.714283870967742374e+01
2.732167741935484528e+01
2.660632258064516620e+01
2.714283870967742374e+01
2.732167741935484528e+01
2.732167741935484528e+01
2.785819354838710282e+01
2.678516129032258775e+01
2.803703225806451726e+01
2.696400000000000219e+01
2.750051612903225973e+01
2.803703225806451726e+01
2.750051612903225973e+01
2.767935483870968127e+01
2.964658064516129699e+01
2.785819354838710282e+01
2.750051612903225973e+01
2.839470967741936036e+01
2.714283870967742374e+01
2.785819354838710282e+01
2.785819354838710282e+01
2.767935483870968127e+01
2.803703225806451726e+01
2.750051612903225973e+01
2.857354838709677480e+01
2.767935483870968127e+01
2.803703225806451726e+01
2.821587096774193881e+01
2.767935483870968127e+01
2.732167741935484528e+01
2.624864516129032310e+01
2.660632258064516620e+01
2.660632258064516620e+01
2.696400000000000219e+01
2.642748387096774465e+01
2.678516129032258775e+01
2.642748387096774465e+01
2.606980645161290866e+01
2.642748387096774465e+01
