8.598077419354839890e+01
8.776916129032260017e+01
7.328322580645162532e+01
7.918490322580646534e+01
7.489277419354840504e+01
6.809690322580647148e+01
6.845458064516130037e+01
7.024296774193550164e+01
5.951264516129033666e+01
7.900606451612904380e+01
7.238903225806453179e+01
8.115212903225807395e+01
7.686000000000001364e+01
7.024296774193550164e+01
7.328322580645162532e+01
7.721767741935485674e+01
6.916993548387098656e+01
7.203135483870968869e+01
7.346206451612904686e+01
7.542929032258065547e+01
7.578696774193549857e+01
7.686000000000001364e+01
7.185251612903226714e+01
7.542929032258065547e+01
7.203135483870968869e+01
7.560812903225807702e+01
7.203135483870968869e+01
7.292554838709678222e+01
8.776916129032260017e+01
8.455006451612905494e+01
8.365587096774194720e+01
8.043677419354840197e+01
8.329819354838711831e+01
7.864838709677421491e+01
7.775419354838710717e+01
8.222516129032260324e+01
7.757535483870969983e+01
7.650232258064517055e+01
8.419238709677421184e+01
7.453509677419356194e+01
7.775419354838710717e+01
7.757535483870969983e+01
7.346206451612904686e+01
7.972141935483872999e+01
7.399858064516131151e+01
7.310438709677420377e+01
7.703883870967743519e+01
7.900606451612904380e+01
8.276167741935485367e+01
7.900606451612904380e+01
8.025793548387098042e+01
7.614464516129034166e+01
7.954258064516130844e+01
7.256787096774195334e+01
7.489277419354840504e+01
7.757535483870969983e+01
7.972141935483872999e+01
8.294051612903227522e+01
9.259780645161292512e+01
7.775419354838710717e+01
7.775419354838710717e+01
7.578696774193549857e+01
7.113716129032259516e+01
7.757535483870969983e+01
7.614464516129034166e+01
7.328322580645162532e+01
7.793303225806452872e+01
8.437122580645163339e+01
7.471393548387098349e+01
7.292554838709678222e+01
7.417741935483871885e+01
7.775419354838710717e+01
7.990025806451615153e+01
8.061561290322582352e+01
8.043677419354840197e+01
8.043677419354840197e+01
7.954258064516130844e+01
7.560812903225807702e+01
7.918490322580646534e+01
8.115212903225807395e+01
8.025793548387098042e+01
7.489277419354840504e+01
7.846954838709679336e+01
7.489277419354840504e+01
7.846954838709679336e+01
8.168864516129033859e+01
8.025793548387098042e+01
8.097329032258066661e+01
7.864838709677421491e+01
7.829070967741937181e+01
8.258283870967743212e+01
8.007909677419355887e+01
7.811187096774195027e+01
7.972141935483872999e+01
7.864838709677421491e+01
8.097329032258066661e+01
8.115212903225807395e+01
7.686000000000001364e+01
7.775419354838710717e+01
7.542929032258065547e+01
7.614464516129034166e+01
7.811187096774195027e+01
7.364090322580646841e+01
7.829070967741937181e+01
8.007909677419355887e+01
7.864838709677421491e+01
7.793303225806452872e+01
7.453509677419356194e+01
7.435625806451614039e+01
8.097329032258066661e+01
7.721767741935485674e+01
8.294051612903227522e+01
8.383470967741936875e+01
8.133096774193549550e+01
7.686000000000001364e+01
7.954258064516130844e+01
7.846954838709679336e+01
7.489277419354840504e+01
7.381974193548388996e+01
7.703883870967743519e+01
7.739651612903227829e+01
7.399858064516131151e+01
6.863341935483872192e+01
7.060064516129033052e+01
6.738154838709678529e+01
6.952761290322581544e+01
7.167367741935485981e+01
7.131600000000001671e+01
7.560812903225807702e+01
7.113716129032259516e+01
7.560812903225807702e+01
7.435625806451614039e+01
8.472890322580646227e+01
7.435625806451614039e+01
8.043677419354840197e+01
8.937870967741936568e+01
8.615961290322582045e+01
8.562309677419357001e+01
8.061561290322582352e+01
7.542929032258065547e+01
7.542929032258065547e+01
7.095832258064517362e+01
7.381974193548388996e+01
7.757535483870969983e+01
7.435625806451614039e+01
7.739651612903227829e+01
8.544425806451614847e+01
8.168864516129033859e+01
8.401354838709679029e+01
8.633845161290324199e+01
7.650232258064517055e+01
7.721767741935485674e+01
7.346206451612904686e+01
6.756038709677420684e+01
6.595083870967742712e+01
7.113716129032259516e+01
6.648735483870969176e+01
7.381974193548388996e+01
7.113716129032259516e+01
7.185251612903226714e+01
7.113716129032259516e+01
