1.884516129032257936e+01
1.770967741935483986e+01
1.813548387096773951e+01
1.955483870967741922e+01
1.983870967741935232e+01
1.927096774193548612e+01
1.955483870967741922e+01
1.912903225806451957e+01
2.125806451612903203e+01
2.168387096774193878e+01
1.912903225806451957e+01
1.955483870967741922e+01
1.983870967741935232e+01
2.225161290322580498e+01
2.196774193548387188e+01
1.728387096774193310e+01
2.083225806451613238e+01
2.125806451612903203e+01
2.225161290322580498e+01
2.438064516129032455e+01
2.438064516129032455e+01
2.807096774193548328e+01
2.423870967741935800e+01
2.352903225806451815e+01
2.367096774193548470e+01
2.381290322580645125e+01
2.310322580645161139e+01
1.983870967741935232e+01
2.154193548387096513e+01
2.849677419354839003e+01
2.395483870967741780e+01
2.395483870967741780e+01
2.154193548387096513e+01
2.452258064516129110e+01
2.523225806451613096e+01
2.551612903225806406e+01
2.721935483870967687e+01
2.721935483870967687e+01
2.551612903225806406e+01
2.409677419354838435e+01
2.480645161290322420e+01
2.409677419354838435e+01
2.111612903225806548e+01
1.998064516129032597e+01
2.225161290322580498e+01
2.083225806451613238e+01
2.324516129032257794e+01
2.352903225806451815e+01
2.494838709677419075e+01
2.579999999999999716e+01
2.849677419354839003e+01
2.679354838709677722e+01
2.693548387096774377e+01
2.537419354838709751e+01
2.480645161290322420e+01
2.707741935483871032e+01
2.650967741935483701e+01
2.409677419354838435e+01
2.438064516129032455e+01
2.679354838709677722e+01
2.821290322580644983e+01
3.247096774193548185e+01
nan
nan
2.835483870967741638e+01
2.778709677419355017e+01
2.381290322580645125e+01
2.154193548387096513e+01
2.579999999999999716e+01
2.494838709677419075e+01
2.452258064516129110e+01
2.310322580645161139e+01
2.239354838709677153e+01
2.196774193548387188e+01
2.083225806451613238e+01
2.168387096774193878e+01
2.125806451612903203e+01
2.210967741935483843e+01
2.225161290322580498e+01
2.296129032258064484e+01
2.125806451612903203e+01
2.097419354838709893e+01
2.111612903225806548e+01
1.955483870967741922e+01
2.168387096774193878e+01
2.210967741935483843e+01
2.154193548387096513e+01
2.083225806451613238e+01
2.239354838709677153e+01
2.168387096774193878e+01
2.281935483870967829e+01
2.579999999999999716e+01
2.381290322580645125e+01
2.310322580645161139e+01
2.253548387096774519e+01
2.168387096774193878e+01
2.040645161290322562e+01
2.281935483870967829e+01
2.111612903225806548e+01
2.168387096774193878e+01
2.182580645161290533e+01
2.111612903225806548e+01
1.799354838709677296e+01
2.054838709677419217e+01
1.912903225806451957e+01
2.168387096774193878e+01
2.239354838709677153e+01
2.054838709677419217e+01
2.239354838709677153e+01
2.310322580645161139e+01
2.168387096774193878e+01
2.367096774193548470e+01
2.324516129032257794e+01
2.111612903225806548e+01
2.466451612903225765e+01
2.253548387096774519e+01
2.324516129032257794e+01
2.523225806451613096e+01
2.239354838709677153e+01
2.125806451612903203e+01
2.139999999999999858e+01
2.849677419354839003e+01
2.665161290322580356e+01
2.821290322580644983e+01
2.097419354838709893e+01
nan
3.147741935483870890e+01
3.020000000000000284e+01
3.048387096774193594e+01
3.460000000000000142e+01
nan
nan
2.736129032258064342e+01
2.423870967741935800e+01
1.430322580645161423e+01
3.800645161290322704e+01
3.005806451612902919e+01
nan
nan
nan
nan
5.759354838709678148e+01
nan
2.835483870967741638e+01
2.878064516129032313e+01
3.261290322580645551e+01
nan
2.963225806451612954e+01
3.389032258064516157e+01
2.466451612903225765e+01
2.892258064516128968e+01
2.977419354838709609e+01
2.721935483870967687e+01
2.636774193548387046e+01
2.693548387096774377e+01
2.650967741935483701e+01
2.835483870967741638e+01
2.963225806451612954e+01
2.296129032258064484e+01
2.168387096774193878e+01
2.139999999999999858e+01
2.154193548387096513e+01
2.352903225806451815e+01
2.168387096774193878e+01
2.267741935483871174e+01
1.998064516129032597e+01
2.069032258064515872e+01
2.083225806451613238e+01
2.253548387096774519e+01
1.941290322580645267e+01
2.139999999999999858e+01
2.352903225806451815e+01
2.551612903225806406e+01
2.622580645161290391e+01
2.906451612903225623e+01
nan
nan
2.267741935483871174e+01
2.438064516129032455e+01
3.005806451612902919e+01
nan
2.778709677419355017e+01
2.551612903225806406e+01
2.665161290322580356e+01
2.523225806451613096e+01
3.346451612903226192e+01
2.949032258064516299e+01
2.835483870967741638e+01
2.764516129032258362e+01
nan
3.176129032258064200e+01
nan
nan
nan
nan
3.204516129032258220e+01
3.346451612903226192e+01
3.559354838709677438e+01
nan
3.076774193548386904e+01
3.318064516129032171e+01
