6.142580645161290676e+01
4.865161290322580356e+01
6.937419354838709751e+01
5.007096774193548328e+01
6.454838709677420638e+01
6.625161290322580498e+01
4.056129032258064626e+01
3.758064516129032029e+01
4.339999999999999858e+01
3.900000000000000000e+01
3.928387096774193310e+01
3.985161290322580641e+01
3.985161290322580641e+01
3.942580645161290676e+01
3.871612903225806690e+01
3.843225806451612669e+01
3.715483870967742064e+01
3.956774193548387331e+01
4.269032258064516583e+01
4.240645161290323273e+01
4.510322580645161139e+01
4.921935483870968397e+01
4.893548387096773666e+01
4.765806451612903771e+01
4.297419354838709893e+01
4.269032258064516583e+01
4.524516129032257794e+01
4.027741935483871316e+01
3.772258064516129394e+01
4.652258064516129110e+01
4.325806451612903203e+01
4.212258064516128542e+01
4.425161290322581209e+01
4.921935483870968397e+01
5.518064516129032171e+01
4.496129032258064484e+01
4.623870967741935800e+01
5.092258064516129679e+01
4.638064516129032455e+01
4.212258064516128542e+01
4.354193548387096513e+01
4.141290322580645267e+01
3.999354838709677296e+01
4.056129032258064626e+01
3.843225806451612669e+01
3.814838709677419359e+01
4.084516129032257936e+01
4.226451612903225197e+01
4.254838709677419928e+01
5.134838709677419644e+01
6.114193548387097366e+01
4.496129032258064484e+01
5.631612903225806832e+01
5.149032258064516299e+01
5.049677419354838293e+01
5.688387096774193452e+01
5.191612903225806264e+01
4.524516129032257794e+01
4.595483870967742490e+01
4.936129032258065052e+01
4.808387096774193736e+01
5.021290322580644983e+01
nan
nan
5.333548387096774235e+01
5.191612903225806264e+01
4.396774193548386478e+01
3.970967741935483986e+01
4.311612903225806548e+01
4.212258064516128542e+01
4.410967741935484554e+01
3.914193548387096655e+01
4.070322580645161281e+01
3.942580645161290676e+01
3.743870967741935374e+01
3.814838709677419359e+01
3.999354838709677296e+01
3.871612903225806690e+01
4.013548387096773951e+01
4.013548387096773951e+01
4.013548387096773951e+01
4.056129032258064626e+01
4.723225806451612385e+01
3.729677419354838719e+01
3.786451612903226049e+01
4.283225806451613238e+01
3.956774193548387331e+01
3.857419354838710035e+01
4.183870967741935232e+01
3.871612903225806690e+01
4.098709677419354591e+01
4.339999999999999858e+01
3.970967741935483986e+01
4.056129032258064626e+01
3.914193548387096655e+01
3.956774193548387331e+01
3.914193548387096655e+01
4.041935483870967971e+01
3.857419354838710035e+01
3.956774193548387331e+01
4.226451612903225197e+01
3.758064516129032029e+01
3.942580645161290676e+01
4.098709677419354591e+01
4.339999999999999858e+01
4.141290322580645267e+01
4.070322580645161281e+01
3.914193548387096655e+01
3.942580645161290676e+01
4.212258064516128542e+01
4.368387096774193168e+01
4.425161290322581209e+01
4.396774193548386478e+01
4.254838709677419928e+01
4.524516129032257794e+01
4.013548387096773951e+01
4.226451612903225197e+01
5.007096774193548328e+01
4.439354838709677864e+01
3.999354838709677296e+01
4.112903225806451957e+01
5.049677419354838293e+01
6.057419354838709324e+01
5.830322580645161423e+01
5.021290322580644983e+01
nan
5.858709677419354733e+01
4.822580645161290391e+01
7.121935483870967687e+01
7.178709677419354307e+01
nan
nan
5.219999999999999574e+01
5.489677419354838861e+01
5.063870967741934948e+01
8.016129032258064058e+01
5.333548387096774235e+01
nan
nan
nan
nan
8.115483870967742064e+01
nan
4.609677419354839145e+01
5.986451612903226049e+01
5.872903225806451388e+01
nan
5.560645161290322136e+01
6.029032258064516014e+01
4.481935483870967829e+01
4.850967741935483701e+01
5.361935483870967545e+01
4.737419354838709040e+01
5.078064516129033024e+01
5.290967741935484270e+01
4.936129032258065052e+01
4.737419354838709040e+01
4.978709677419355017e+01
4.325806451612903203e+01
3.729677419354838719e+01
3.942580645161290676e+01
4.141290322580645267e+01
4.439354838709677864e+01
4.226451612903225197e+01
4.127096774193548612e+01
4.013548387096773951e+01
4.155483870967741922e+01
3.786451612903226049e+01
4.425161290322581209e+01
4.226451612903225197e+01
4.183870967741935232e+01
3.942580645161290676e+01
4.992903225806451672e+01
4.694838709677419075e+01
4.751612903225807116e+01
nan
nan
5.290967741935484270e+01
4.183870967741935232e+01
5.958064516129032739e+01
nan
5.021290322580644983e+01
4.964516129032258362e+01
4.709032258064515730e+01
5.007096774193548328e+01
5.546451612903225481e+01
5.887096774193548043e+01
4.936129032258065052e+01
4.936129032258065052e+01
nan
6.185161290322580641e+01
nan
nan
nan
nan
4.865161290322580356e+01
5.319354838709677580e+01
7.434193548387096939e+01
nan
5.503870967741935516e+01
5.361935483870967545e+01
