1.870322580645161281e+01
1.756774193548387331e+01
1.785161290322580641e+01
2.154193548387096513e+01
2.239354838709677153e+01
2.381290322580645125e+01
2.367096774193548470e+01
2.509032258064516441e+01
2.423870967741935800e+01
2.182580645161290533e+01
2.054838709677419217e+01
2.026451612903225907e+01
2.111612903225806548e+01
nan
2.225161290322580498e+01
2.281935483870967829e+01
1.983870967741935232e+01
2.083225806451613238e+01
2.225161290322580498e+01
2.324516129032257794e+01
2.367096774193548470e+01
2.537419354838709751e+01
2.253548387096774519e+01
2.168387096774193878e+01
2.210967741935483843e+01
2.367096774193548470e+01
2.523225806451613096e+01
2.807096774193548328e+01
2.693548387096774377e+01
3.176129032258064200e+01
2.963225806451612954e+01
2.920645161290322278e+01
2.693548387096774377e+01
2.991612903225806264e+01
2.949032258064516299e+01
3.232903225806451530e+01
3.530967741935484128e+01
3.460000000000000142e+01
nan
3.729677419354838719e+01
3.814838709677419359e+01
3.247096774193548185e+01
2.579999999999999716e+01
2.835483870967741638e+01
2.693548387096774377e+01
2.721935483870967687e+01
2.778709677419355017e+01
2.906451612903225623e+01
4.098709677419354591e+01
3.559354838709677438e+01
3.034193548387096939e+01
3.445806451612903487e+01
2.310322580645161139e+01
2.281935483870967829e+01
2.721935483870967687e+01
2.920645161290322278e+01
2.693548387096774377e+01
2.778709677419355017e+01
2.182580645161290533e+01
2.310322580645161139e+01
2.835483870967741638e+01
3.005806451612902919e+01
1.629032258064516014e+01
2.764516129032258362e+01
3.105161290322580925e+01
2.750322580645160997e+01
3.403225806451612812e+01
2.310322580645161139e+01
3.573548387096774093e+01
3.970967741935483986e+01
2.778709677419355017e+01
2.863870967741935658e+01
2.934838709677419644e+01
2.537419354838709751e+01
2.494838709677419075e+01
2.579999999999999716e+01
2.494838709677419075e+01
2.367096774193548470e+01
2.608387096774193736e+01
2.934838709677419644e+01
2.310322580645161139e+01
2.395483870967741780e+01
2.764516129032258362e+01
2.991612903225806264e+01
2.977419354838709609e+01
2.523225806451613096e+01
2.934838709677419644e+01
2.906451612903225623e+01
3.417419354838709467e+01
3.545161290322580783e+01
3.034193548387096939e+01
3.318064516129032171e+01
3.644516129032258078e+01
2.792903225806451672e+01
3.076774193548386904e+01
3.005806451612902919e+01
2.452258064516129110e+01
2.977419354838709609e+01
2.977419354838709609e+01
3.389032258064516157e+01
2.991612903225806264e+01
3.034193548387096939e+01
3.928387096774193310e+01
3.999354838709677296e+01
nan
3.502580645161290107e+01
3.601935483870968113e+01
3.360645161290322847e+01
3.261290322580645551e+01
2.565806451612903061e+01
2.395483870967741780e+01
2.636774193548387046e+01
2.239354838709677153e+01
3.332258064516128826e+01
3.360645161290322847e+01
3.545161290322580783e+01
3.559354838709677438e+01
3.516774193548387473e+01
2.423870967741935800e+01
2.324516129032257794e+01
2.934838709677419644e+01
2.721935483870967687e+01
2.267741935483871174e+01
2.565806451612903061e+01
2.920645161290322278e+01
2.920645161290322278e+01
3.005806451612902919e+01
2.778709677419355017e+01
2.721935483870967687e+01
2.650967741935483701e+01
2.991612903225806264e+01
2.963225806451612954e+01
3.020000000000000284e+01
3.516774193548387473e+01
2.977419354838709609e+01
2.963225806451612954e+01
3.020000000000000284e+01
nan
2.878064516129032313e+01
