6.241935483870967261e+01
6.809677419354838435e+01
7.235483870967740927e+01
6.114193548387097366e+01
6.752903225806451815e+01
4.921935483870968397e+01
5.305161290322580925e+01
4.638064516129032455e+01
4.765806451612903771e+01
4.936129032258065052e+01
5.915483870967741353e+01
7.207096774193547617e+01
7.065161290322581067e+01
7.079354838709676301e+01
7.292258064516130389e+01
5.404516129032257510e+01
6.823870967741936511e+01
7.079354838709676301e+01
6.227741935483870606e+01
4.751612903225807116e+01
4.822580645161290391e+01
5.078064516129033024e+01
4.992903225806451672e+01
4.737419354838709040e+01
5.063870967741934948e+01
4.836774193548387046e+01
5.248387096774194305e+01
6.014838709677419359e+01
5.688387096774193452e+01
6.185161290322580641e+01
6.355483870967741922e+01
6.398064516129031887e+01
5.191612903225806264e+01
5.347741935483870890e+01
6.880645161290323131e+01
6.014838709677419359e+01
6.738709677419353739e+01
6.440645161290322562e+01
nan
6.681935483870967118e+01
6.412258064516129252e+01
7.036774193548387757e+01
5.078064516129033024e+01
5.120645161290322989e+01
5.347741935483870890e+01
5.546451612903225481e+01
5.134838709677419644e+01
7.505161290322581635e+01
7.164516129032259073e+01
7.561935483870968255e+01
7.547741935483870179e+01
6.156774193548387331e+01
4.538709677419354449e+01
5.319354838709677580e+01
4.836774193548387046e+01
5.305161290322580925e+01
5.376129032258064200e+01
5.560645161290322136e+01
5.248387096774194305e+01
4.765806451612903771e+01
5.219999999999999574e+01
6.043225806451612669e+01
5.092258064516129679e+01
4.907741935483870321e+01
6.667741935483871885e+01
5.177419354838709609e+01
5.901290322580644698e+01
7.192903225806452383e+01
7.618709677419354875e+01
6.625161290322580498e+01
4.978709677419355017e+01
5.319354838709677580e+01
5.872903225806451388e+01
4.921935483870968397e+01
5.149032258064516299e+01
4.510322580645161139e+01
4.694838709677419075e+01
4.496129032258064484e+01
4.552903225806451104e+01
7.973548387096775514e+01
4.524516129032257794e+01
4.623870967741935800e+01
5.503870967741935516e+01
6.412258064516129252e+01
5.063870967741934948e+01
4.907741935483870321e+01
5.730967741935483417e+01
5.248387096774194305e+01
5.688387096774193452e+01
6.014838709677419359e+01
6.057419354838709324e+01
5.844516129032258078e+01
6.156774193548387331e+01
5.078064516129033024e+01
5.546451612903225481e+01
5.248387096774194305e+01
5.759354838709678148e+01
5.361935483870967545e+01
5.787741935483871458e+01
5.532258064516128826e+01
4.936129032258065052e+01
6.000645161290322704e+01
6.000645161290322704e+01
6.057419354838709324e+01
nan
5.702580645161290107e+01
6.199354838709677296e+01
6.014838709677419359e+01
5.702580645161290107e+01
6.767096774193547049e+01
5.021290322580644983e+01
5.163225806451612954e+01
6.185161290322580641e+01
5.844516129032258078e+01
7.505161290322581635e+01
6.327096774193548612e+01
6.511612903225807258e+01
6.298709677419355302e+01
5.589032258064516867e+01
5.276774193548387615e+01
5.361935483870967545e+01
5.503870967741935516e+01
5.674193548387096797e+01
4.822580645161290391e+01
5.149032258064516299e+01
5.844516129032258078e+01
5.645806451612903487e+01
5.063870967741934948e+01
5.830322580645161423e+01
5.290967741935484270e+01
5.191612903225806264e+01
5.929677419354839429e+01
5.716774193548386762e+01
5.830322580645161423e+01
5.773548387096774803e+01
5.574838709677418791e+01
6.227741935483870606e+01
nan
6.156774193548387331e+01
