2.111612903225806548e+01
1.927096774193548612e+01
2.154193548387096513e+01
2.111612903225806548e+01
2.565806451612903061e+01
2.750322580645160997e+01
2.139999999999999858e+01
nan
2.239354838709677153e+01
2.168387096774193878e+01
2.352903225806451815e+01
2.338709677419355160e+01
2.196774193548387188e+01
2.225161290322580498e+01
2.395483870967741780e+01
2.395483870967741780e+01
2.281935483870967829e+01
2.324516129032257794e+01
2.395483870967741780e+01
2.551612903225806406e+01
2.551612903225806406e+01
2.579999999999999716e+01
2.693548387096774377e+01
2.835483870967741638e+01
3.119354838709677580e+01
3.034193548387096939e+01
3.445806451612903487e+01
3.587741935483870748e+01
3.204516129032258220e+01
3.318064516129032171e+01
3.900000000000000000e+01
4.112903225806451957e+01
3.843225806451612669e+01
4.325806451612903203e+01
3.587741935483870748e+01
3.133548387096774235e+01
3.005806451612902919e+01
2.920645161290322278e+01
3.005806451612902919e+01
2.565806451612903061e+01
3.431612903225806832e+01
3.417419354838709467e+01
3.417419354838709467e+01
3.403225806451612812e+01
3.559354838709677438e+01
3.587741935483870748e+01
3.176129032258064200e+01
3.218709677419354875e+01
3.389032258064516157e+01
2.892258064516128968e+01
2.934838709677419644e+01
2.821290322580644983e+01
2.878064516129032313e+01
2.636774193548387046e+01
2.792903225806451672e+01
2.693548387096774377e+01
2.792903225806451672e+01
2.807096774193548328e+01
2.679354838709677722e+01
2.679354838709677722e+01
2.821290322580644983e+01
2.551612903225806406e+01
2.225161290322580498e+01
2.395483870967741780e+01
2.622580645161290391e+01
2.480645161290322420e+01
2.423870967741935800e+01
2.693548387096774377e+01
2.565806451612903061e+01
2.608387096774193736e+01
2.835483870967741638e+01
2.792903225806451672e+01
2.778709677419355017e+01
3.005806451612902919e+01
2.835483870967741638e+01
2.849677419354839003e+01
2.906451612903225623e+01
2.551612903225806406e+01
2.608387096774193736e+01
3.005806451612902919e+01
2.778709677419355017e+01
2.565806451612903061e+01
2.764516129032258362e+01
2.579999999999999716e+01
2.523225806451613096e+01
2.537419354838709751e+01
1.700000000000000000e+01
2.778709677419355017e+01
2.807096774193548328e+01
nan
2.494838709677419075e+01
2.381290322580645125e+01
2.537419354838709751e+01
2.494838709677419075e+01
2.423870967741935800e+01
2.466451612903225765e+01
2.466451612903225765e+01
2.395483870967741780e+01
2.551612903225806406e+01
2.494838709677419075e+01
2.494838709677419075e+01
2.480645161290322420e+01
2.665161290322580356e+01
2.665161290322580356e+01
2.991612903225806264e+01
2.679354838709677722e+01
2.636774193548387046e+01
2.523225806451613096e+01
2.579999999999999716e+01
2.792903225806451672e+01
2.863870967741935658e+01
3.374838709677419502e+01
2.920645161290322278e+01
2.778709677419355017e+01
2.537419354838709751e+01
2.679354838709677722e+01
2.707741935483871032e+01
2.565806451612903061e+01
2.778709677419355017e+01
2.778709677419355017e+01
2.594193548387097081e+01
2.523225806451613096e+01
2.452258064516129110e+01
2.622580645161290391e+01
2.338709677419355160e+01
2.636774193548387046e+01
2.878064516129032313e+01
2.892258064516128968e+01
2.991612903225806264e+01
2.963225806451612954e+01
2.835483870967741638e+01
2.906451612903225623e+01
3.573548387096774093e+01
3.616129032258064768e+01
3.389032258064516157e+01
3.034193548387096939e+01
2.991612903225806264e+01
2.821290322580644983e+01
nan
nan
2.835483870967741638e+01
2.977419354838709609e+01
2.679354838709677722e+01
2.523225806451613096e+01
