7.434193548387096939e+01
6.412258064516129252e+01
5.943870967741936084e+01
5.319354838709677580e+01
5.546451612903225481e+01
4.865161290322580356e+01
5.532258064516128826e+01
nan
5.049677419354838293e+01
7.434193548387096939e+01
7.533548387096774945e+01
5.560645161290322136e+01
7.547741935483870179e+01
7.391612903225805553e+01
5.730967741935483417e+01
5.986451612903226049e+01
5.404516129032257510e+01
5.432903225806452241e+01
5.532258064516128826e+01
5.305161290322580925e+01
5.617419354838710177e+01
5.844516129032258078e+01
5.432903225806452241e+01
5.801935483870968113e+01
5.872903225806451388e+01
5.447096774193548896e+01
5.574838709677418791e+01
6.142580645161290676e+01
5.390322580645160855e+01
5.801935483870968113e+01
6.100000000000000711e+01
6.327096774193548612e+01
6.000645161290322704e+01
6.894838709677418365e+01
5.943870967741936084e+01
5.276774193548387615e+01
5.035483870967741638e+01
4.936129032258065052e+01
4.808387096774193736e+01
5.518064516129032171e+01
5.333548387096774235e+01
5.560645161290322136e+01
6.199354838709677296e+01
5.745161290322580072e+01
5.773548387096774803e+01
5.972258064516129394e+01
5.035483870967741638e+01
4.992903225806451672e+01
5.603225806451613522e+01
4.780000000000000426e+01
4.552903225806451104e+01
4.836774193548387046e+01
5.134838709677419644e+01
5.404516129032257510e+01
4.723225806451612385e+01
4.666451612903225765e+01
4.623870967741935800e+01
5.049677419354838293e+01
5.333548387096774235e+01
4.552903225806451104e+01
4.780000000000000426e+01
5.631612903225806832e+01
5.716774193548386762e+01
5.503870967741935516e+01
5.404516129032257510e+01
5.361935483870967545e+01
5.418709677419355586e+01
5.532258064516128826e+01
5.532258064516128826e+01
4.907741935483870321e+01
5.603225806451613522e+01
4.737419354838709040e+01
4.765806451612903771e+01
5.163225806451612954e+01
4.794193548387097081e+01
5.730967741935483417e+01
4.893548387096773666e+01
5.631612903225806832e+01
5.447096774193548896e+01
5.049677419354838293e+01
5.163225806451612954e+01
4.780000000000000426e+01
4.879354838709677011e+01
5.574838709677418791e+01
5.560645161290322136e+01
5.404516129032257510e+01
5.603225806451613522e+01
5.631612903225806832e+01
4.893548387096773666e+01
nan
5.319354838709677580e+01
5.418709677419355586e+01
5.262580645161290960e+01
5.489677419354838861e+01
5.376129032258064200e+01
4.850967741935483701e+01
4.311612903225806548e+01
5.063870967741934948e+01
5.276774193548387615e+01
5.404516129032257510e+01
4.751612903225807116e+01
5.333548387096774235e+01
4.992903225806451672e+01
4.794193548387097081e+01
5.149032258064516299e+01
4.581290322580645835e+01
5.603225806451613522e+01
5.702580645161290107e+01
5.447096774193548896e+01
4.879354838709677011e+01
5.660000000000000142e+01
6.085806451612902634e+01
4.723225806451612385e+01
5.191612903225806264e+01
5.589032258064516867e+01
5.688387096774193452e+01
5.063870967741934948e+01
5.106451612903226334e+01
4.936129032258065052e+01
4.567096774193547759e+01
5.347741935483870890e+01
5.319354838709677580e+01
5.432903225806452241e+01
5.248387096774194305e+01
5.603225806451613522e+01
4.496129032258064484e+01
5.049677419354838293e+01
5.603225806451613522e+01
4.623870967741935800e+01
4.623870967741935800e+01
4.453548387096774519e+01
5.290967741935484270e+01
5.958064516129032739e+01
5.801935483870968113e+01
5.773548387096774803e+01
5.660000000000000142e+01
5.177419354838709609e+01
5.617419354838710177e+01
nan
nan
5.958064516129032739e+01
4.680645161290322420e+01
5.674193548387096797e+01
5.730967741935483417e+01
