1.714193548387096655e+01
1.898709677419354591e+01
1.998064516129032597e+01
1.856129032258064626e+01
2.097419354838709893e+01
1.969677419354838577e+01
2.182580645161290533e+01
2.111612903225806548e+01
2.069032258064515872e+01
2.239354838709677153e+01
1.912903225806451957e+01
2.111612903225806548e+01
1.998064516129032597e+01
1.870322580645161281e+01
1.856129032258064626e+01
1.813548387096773951e+01
1.870322580645161281e+01
1.969677419354838577e+01
1.955483870967741922e+01
2.338709677419355160e+01
2.154193548387096513e+01
2.054838709677419217e+01
2.054838709677419217e+01
2.168387096774193878e+01
2.395483870967741780e+01
2.438064516129032455e+01
2.352903225806451815e+01
2.622580645161290391e+01
2.721935483870967687e+01
2.622580645161290391e+01
2.778709677419355017e+01
2.395483870967741780e+01
2.452258064516129110e+01
2.182580645161290533e+01
2.040645161290322562e+01
2.083225806451613238e+01
2.367096774193548470e+01
2.665161290322580356e+01
2.579999999999999716e+01
2.665161290322580356e+01
2.878064516129032313e+01
2.792903225806451672e+01
3.048387096774193594e+01
2.523225806451613096e+01
2.395483870967741780e+01
2.423870967741935800e+01
2.395483870967741780e+01
2.423870967741935800e+01
2.707741935483871032e+01
2.679354838709677722e+01
3.076774193548386904e+01
3.105161290322580925e+01
3.658709677419354733e+01
5.830322580645161423e+01
2.778709677419355017e+01
3.545161290322580783e+01
3.218709677419354875e+01
2.509032258064516441e+01
2.977419354838709609e+01
2.509032258064516441e+01
2.551612903225806406e+01
2.679354838709677722e+01
2.991612903225806264e+01
3.247096774193548185e+01
2.792903225806451672e+01
3.048387096774193594e+01
2.963225806451612954e+01
2.863870967741935658e+01
3.474193548387096797e+01
3.034193548387096939e+01
4.794193548387097081e+01
2.736129032258064342e+01
2.636774193548387046e+01
2.792903225806451672e+01
2.707741935483871032e+01
2.452258064516129110e+01
2.352903225806451815e+01
2.693548387096774377e+01
2.721935483870967687e+01
3.161935483870967545e+01
3.090967741935483559e+01
3.176129032258064200e+01
2.636774193548387046e+01
2.423870967741935800e+01
2.565806451612903061e+01
2.267741935483871174e+01
2.210967741935483843e+01
2.423870967741935800e+01
2.494838709677419075e+01
2.736129032258064342e+01
2.665161290322580356e+01
2.452258064516129110e+01
2.352903225806451815e+01
2.139999999999999858e+01
2.253548387096774519e+01
2.054838709677419217e+01
2.069032258064515872e+01
2.196774193548387188e+01
2.154193548387096513e+01
2.338709677419355160e+01
2.352903225806451815e+01
2.395483870967741780e+01
2.523225806451613096e+01
2.949032258064516299e+01
2.963225806451612954e+01
2.863870967741935658e+01
2.707741935483871032e+01
2.537419354838709751e+01
2.707741935483871032e+01
2.466451612903225765e+01
2.139999999999999858e+01
2.665161290322580356e+01
2.665161290322580356e+01
3.445806451612903487e+01
3.786451612903226049e+01
2.381290322580645125e+01
2.267741935483871174e+01
2.168387096774193878e+01
1.898709677419354591e+01
2.097419354838709893e+01
2.949032258064516299e+01
2.736129032258064342e+01
