7.136129032258065763e+01
6.681935483870967118e+01
6.029032258064516014e+01
7.292258064516130389e+01
6.369677419354838577e+01
6.540000000000000568e+01
5.631612903225806832e+01
5.390322580645160855e+01
5.049677419354838293e+01
4.765806451612903771e+01
5.716774193548386762e+01
4.865161290322580356e+01
5.305161290322580925e+01
6.312903225806451957e+01
6.980000000000001137e+01
6.852258064516129821e+01
5.134838709677419644e+01
6.199354838709677296e+01
4.737419354838709040e+01
4.709032258064515730e+01
4.836774193548387046e+01
5.163225806451612954e+01
4.410967741935484554e+01
5.120645161290322989e+01
4.723225806451612385e+01
4.921935483870968397e+01
4.666451612903225765e+01
5.305161290322580925e+01
6.071612903225805979e+01
6.213548387096773951e+01
5.049677419354838293e+01
4.581290322580645835e+01
5.134838709677419644e+01
5.660000000000000142e+01
4.794193548387097081e+01
4.666451612903225765e+01
4.921935483870968397e+01
5.234193548387096229e+01
5.149032258064516299e+01
5.276774193548387615e+01
6.227741935483870606e+01
5.404516129032257510e+01
7.150322580645160997e+01
5.418709677419355586e+01
4.950322580645161707e+01
4.822580645161290391e+01
6.085806451612902634e+01
6.029032258064516014e+01
5.532258064516128826e+01
6.128387096774194021e+01
5.830322580645161423e+01
5.603225806451613522e+01
7.022580645161289681e+01
8.356774193548386620e+01
5.688387096774193452e+01
6.000645161290322704e+01
5.404516129032257510e+01
4.936129032258065052e+01
5.305161290322580925e+01
4.595483870967742490e+01
5.078064516129033024e+01
5.546451612903225481e+01
5.177419354838709609e+01
5.617419354838710177e+01
5.305161290322580925e+01
6.227741935483870606e+01
5.106451612903226334e+01
6.000645161290322704e+01
6.525806451612902492e+01
5.021290322580644983e+01
6.653548387096773808e+01
4.552903225806451104e+01
4.709032258064515730e+01
4.737419354838709040e+01
4.765806451612903771e+01
5.858709677419354733e+01
5.035483870967741638e+01
6.071612903225805979e+01
6.355483870967741922e+01
5.219999999999999574e+01
6.341290322580645267e+01
4.978709677419355017e+01
4.737419354838709040e+01
4.439354838709677864e+01
4.581290322580645835e+01
4.921935483870968397e+01
6.270322580645161992e+01
4.609677419354839145e+01
4.836774193548387046e+01
4.850967741935483701e+01
5.035483870967741638e+01
4.992903225806451672e+01
6.213548387096773951e+01
4.992903225806451672e+01
5.773548387096774803e+01
6.355483870967741922e+01
6.540000000000000568e+01
5.702580645161290107e+01
4.992903225806451672e+01
5.177419354838709609e+01
5.404516129032257510e+01
5.106451612903226334e+01
6.710322580645160429e+01
5.390322580645160855e+01
5.418709677419355586e+01
4.808387096774193736e+01
5.134838709677419644e+01
6.114193548387097366e+01
5.177419354838709609e+01
5.915483870967741353e+01
6.043225806451612669e+01
5.134838709677419644e+01
7.249677419354839003e+01
8.058709677419355444e+01
7.036774193548387757e+01
4.453548387096774519e+01
4.694838709677419075e+01
5.702580645161290107e+01
6.965806451612903061e+01
6.639354838709678575e+01
6.014838709677419359e+01
6.369677419354838577e+01
