2.636774193548387046e+01
2.622580645161290391e+01
2.821290322580644983e+01
2.778709677419355017e+01
2.906451612903225623e+01
2.892258064516128968e+01
2.949032258064516299e+01
2.878064516129032313e+01
2.750322580645160997e+01
2.849677419354839003e+01
2.835483870967741638e+01
2.892258064516128968e+01
2.892258064516128968e+01
2.778709677419355017e+01
2.934838709677419644e+01
3.289677419354838861e+01
3.389032258064516157e+01
3.119354838709677580e+01
2.934838709677419644e+01
2.920645161290322278e+01
2.892258064516128968e+01
3.190322580645161565e+01
3.119354838709677580e+01
3.389032258064516157e+01
2.679354838709677722e+01
2.991612903225806264e+01
2.991612903225806264e+01
3.460000000000000142e+01
2.991612903225806264e+01
3.005806451612902919e+01
3.573548387096774093e+01
2.963225806451612954e+01
2.977419354838709609e+01
3.275483870967742206e+01
nan
3.275483870967742206e+01
3.062580645161290249e+01
nan
nan
nan
nan
nan
nan
nan
nan
2.679354838709677722e+01
nan
nan
nan
nan
nan
2.892258064516128968e+01
2.949032258064516299e+01
3.303870967741935516e+01
3.360645161290322847e+01
3.346451612903226192e+01
2.977419354838709609e+01
3.105161290322580925e+01
3.318064516129032171e+01
nan
3.090967741935483559e+01
3.360645161290322847e+01
3.460000000000000142e+01
2.963225806451612954e+01
3.204516129032258220e+01
3.460000000000000142e+01
3.218709677419354875e+01
7.136129032258065763e+01
nan
3.005806451612902919e+01
2.949032258064516299e+01
nan
3.956774193548387331e+01
nan
nan
nan
nan
2.480645161290322420e+01
nan
nan
nan
3.289677419354838861e+01
3.403225806451612812e+01
3.133548387096774235e+01
3.275483870967742206e+01
3.360645161290322847e+01
3.389032258064516157e+01
3.090967741935483559e+01
2.949032258064516299e+01
3.090967741935483559e+01
3.218709677419354875e+01
3.062580645161290249e+01
3.048387096774193594e+01
2.977419354838709609e+01
3.090967741935483559e+01
2.764516129032258362e+01
3.147741935483870890e+01
nan
nan
nan
nan
nan
nan
3.176129032258064200e+01
nan
3.176129032258064200e+01
3.048387096774193594e+01
3.005806451612902919e+01
2.949032258064516299e+01
3.005806451612902919e+01
3.275483870967742206e+01
3.374838709677419502e+01
3.062580645161290249e+01
3.105161290322580925e+01
3.303870967741935516e+01
3.133548387096774235e+01
3.218709677419354875e+01
3.332258064516128826e+01
3.005806451612902919e+01
2.934838709677419644e+01
3.076774193548386904e+01
2.991612903225806264e+01
3.105161290322580925e+01
nan
2.707741935483871032e+01
2.807096774193548328e+01
2.707741935483871032e+01
3.090967741935483559e+01
2.792903225806451672e+01
2.721935483870967687e+01
2.182580645161290533e+01
nan
2.977419354838709609e+01
3.005806451612902919e+01
nan
nan
nan
nan
nan
2.636774193548387046e+01
2.622580645161290391e+01
2.906451612903225623e+01
nan
3.403225806451612812e+01
nan
nan
nan
nan
nan
nan
nan
nan
nan
nan
nan
nan
nan
nan
nan
nan
3.431612903225806832e+01
3.616129032258064768e+01
3.403225806451612812e+01
nan
nan
nan
nan
nan
nan
nan
3.460000000000000142e+01
nan
3.119354838709677580e+01
nan
nan
