6.894838709677418365e+01
6.795483870967743201e+01
4.992903225806451672e+01
4.964516129032258362e+01
4.978709677419355017e+01
4.794193548387097081e+01
4.467741935483871174e+01
5.078064516129033024e+01
6.667741935483871885e+01
4.893548387096773666e+01
4.780000000000000426e+01
4.623870967741935800e+01
5.830322580645161423e+01
5.830322580645161423e+01
5.319354838709677580e+01
5.177419354838709609e+01
5.120645161290322989e+01
5.660000000000000142e+01
4.552903225806451104e+01
5.234193548387096229e+01
5.276774193548387615e+01
4.907741935483870321e+01
5.361935483870967545e+01
5.063870967741934948e+01
5.347741935483870890e+01
4.567096774193547759e+01
5.106451612903226334e+01
5.134838709677419644e+01
5.134838709677419644e+01
5.177419354838709609e+01
5.205806451612902919e+01
5.361935483870967545e+01
5.319354838709677580e+01
5.305161290322580925e+01
nan
5.205806451612902919e+01
5.319354838709677580e+01
nan
nan
nan
nan
nan
nan
nan
nan
6.170967741935483986e+01
nan
nan
nan
nan
nan
6.227741935483870606e+01
6.213548387096773951e+01
5.546451612903225481e+01
6.227741935483870606e+01
4.765806451612903771e+01
5.177419354838709609e+01
5.262580645161290960e+01
5.418709677419355586e+01
nan
6.341290322580645267e+01
6.298709677419355302e+01
4.879354838709677011e+01
5.149032258064516299e+01
5.830322580645161423e+01
5.773548387096774803e+01
5.461290322580645551e+01
8.740000000000000568e+01
nan
5.631612903225806832e+01
5.929677419354839429e+01
nan
7.363225806451612243e+01
nan
nan
nan
nan
6.000645161290322704e+01
nan
nan
nan
4.964516129032258362e+01
5.347741935483870890e+01
5.078064516129033024e+01
4.978709677419355017e+01
4.765806451612903771e+01
6.043225806451612669e+01
6.213548387096773951e+01
5.432903225806452241e+01
5.191612903225806264e+01
5.205806451612902919e+01
5.489677419354838861e+01
5.191612903225806264e+01
4.198064516129031887e+01
5.290967741935484270e+01
5.745161290322580072e+01
5.872903225806451388e+01
nan
nan
nan
nan
nan
nan
5.759354838709678148e+01
nan
6.029032258064516014e+01
5.432903225806452241e+01
5.049677419354838293e+01
5.801935483870968113e+01
5.958064516129032739e+01
5.276774193548387615e+01
4.921935483870968397e+01
5.603225806451613522e+01
4.964516129032258362e+01
4.992903225806451672e+01
4.666451612903225765e+01
4.737419354838709040e+01
5.106451612903226334e+01
5.191612903225806264e+01
5.219999999999999574e+01
4.552903225806451104e+01
4.992903225806451672e+01
5.078064516129033024e+01
nan
5.645806451612903487e+01
5.986451612903226049e+01
6.029032258064516014e+01
5.404516129032257510e+01
5.248387096774194305e+01
4.680645161290322420e+01
5.773548387096774803e+01
nan
5.759354838709678148e+01
5.674193548387096797e+01
nan
nan
nan
nan
nan
5.432903225806452241e+01
5.574838709677418791e+01
5.830322580645161423e+01
nan
5.887096774193548043e+01
nan
nan
nan
nan
nan
nan
nan
nan
nan
nan
nan
nan
nan
nan
nan
nan
5.248387096774194305e+01
5.120645161290322989e+01
5.404516129032257510e+01
nan
nan
nan
nan
nan
nan
nan
5.262580645161290960e+01
nan
5.219999999999999574e+01
nan
nan
