1.299677419354838293e+01
1.241767741935483826e+01
1.357587096774193469e+01
1.372064516129032086e+01
1.473406451612903112e+01
1.415496774193547935e+01
1.415496774193547935e+01
1.560270967741935522e+01
1.444451612903225879e+01
1.676090322580645164e+01
1.661612903225805837e+01
1.632658064516128604e+01
1.647135483870967221e+01
1.647135483870967221e+01
1.936683870967741683e+01
1.849819354838709273e+01
1.806387096774193424e+01
1.864296774193547890e+01
1.705045161290322397e+01
1.589225806451612755e+01
1.719522580645161014e+01
2.009070967741935476e+01
1.907729032258064450e+01
1.820864516129032040e+01
2.095935483870967175e+01
1.849819354838709273e+01
2.298619354838709228e+01
2.052503225806451326e+01
1.762954838709676864e+01
1.690567741935483781e+01
1.676090322580645164e+01
1.791909677419354807e+01
1.733999999999999631e+01
1.806387096774193424e+01
1.893251612903225833e+01
1.806387096774193424e+01
1.777432258064515480e+01
1.835341935483870657e+01
1.661612903225805837e+01
1.661612903225805837e+01
1.531316129032257578e+01
1.647135483870967221e+01
1.820864516129032040e+01
1.690567741935483781e+01
1.705045161290322397e+01
1.690567741935483781e+01
1.574748387096774138e+01
1.676090322580645164e+01
1.560270967741935522e+01
1.574748387096774138e+01
1.719522580645161014e+01
2.066980645161289942e+01
1.936683870967741683e+01
1.878774193548386506e+01
1.762954838709676864e+01
1.820864516129032040e+01
1.835341935483870657e+01
1.849819354838709273e+01
1.632658064516128604e+01
1.980116129032257533e+01
1.980116129032257533e+01
2.095935483870967175e+01
2.081458064516128559e+01
2.066980645161289942e+01
1.951161290322580300e+01
1.748477419354838247e+01
1.618180645161289988e+01
1.705045161290322397e+01
1.545793548387096195e+01
1.444451612903225879e+01
1.502361290322580345e+01
1.545793548387096195e+01
1.748477419354838247e+01
1.458929032258064495e+01
1.357587096774193469e+01
1.372064516129032086e+01
1.531316129032257578e+01
1.531316129032257578e+01
1.777432258064515480e+01
1.748477419354838247e+01
1.806387096774193424e+01
1.618180645161289988e+01
1.458929032258064495e+01
1.574748387096774138e+01
1.777432258064515480e+01
1.719522580645161014e+01
1.791909677419354807e+01
1.864296774193547890e+01
2.066980645161289942e+01
1.864296774193547890e+01
1.936683870967741683e+01
2.052503225806451326e+01
1.965638709677418916e+01
1.922206451612903066e+01
1.748477419354838247e+01
1.589225806451612755e+01
1.502361290322580345e+01
1.343109677419354853e+01
1.372064516129032086e+01
1.415496774193547935e+01
1.487883870967741728e+01
1.676090322580645164e+01
1.690567741935483781e+01
1.733999999999999631e+01
1.545793548387096195e+01
1.603703225806451371e+01
1.820864516129032040e+01
1.907729032258064450e+01
1.733999999999999631e+01
1.820864516129032040e+01
2.124890322580645119e+01
1.980116129032257533e+01
2.038025806451612709e+01
1.806387096774193424e+01
1.980116129032257533e+01
2.226232258064515435e+01
2.298619354838709228e+01
nan
2.313096774193547844e+01
nan
2.081458064516128559e+01
2.182799999999999585e+01
nan
nan
1.849819354838709273e+01
1.864296774193547890e+01
1.777432258064515480e+01
1.907729032258064450e+01
1.864296774193547890e+01
1.951161290322580300e+01
1.676090322580645164e+01
1.791909677419354807e+01
1.589225806451612755e+01
1.690567741935483781e+01
1.777432258064515480e+01
1.690567741935483781e+01
1.849819354838709273e+01
1.806387096774193424e+01
1.980116129032257533e+01
2.197277419354838202e+01
2.226232258064515435e+01
2.182799999999999585e+01
2.211754838709676818e+01
1.864296774193547890e+01
2.009070967741935476e+01
2.081458064516128559e+01
2.124890322580645119e+01
nan
nan
