7.510490322580645284e+01
4.282025806451611771e+01
4.064864516129031813e+01
3.905612903225805610e+01
3.355470967741935340e+01
3.036967741935483645e+01
3.094877419354838111e+01
3.152787096774193287e+01
3.283083870967741547e+01
3.340993548387096013e+01
3.196219354838709137e+01
3.225174193548386370e+01
3.297561290322580163e+01
3.312038709677418780e+01
3.645019354838709091e+01
3.427858064516128422e+01
3.355470967741935340e+01
3.702929032258064268e+01
3.340993548387096013e+01
3.312038709677418780e+01
3.297561290322580163e+01
3.529199999999999449e+01
3.413380645161289806e+01
3.442335483870967039e+01
4.325458064516129042e+01
3.601587096774193242e+01
4.339935483870967659e+01
3.804270967741935294e+01
3.645019354838709091e+01
3.326516129032257396e+01
3.369948387096773956e+01
3.340993548387096013e+01
3.369948387096773956e+01
3.297561290322580163e+01
3.601587096774193242e+01
3.587109677419354625e+01
3.572632258064515298e+01
3.427858064516128422e+01
3.471290322580644983e+01
3.529199999999999449e+01
3.572632258064515298e+01
3.384425806451612573e+01
3.702929032258064268e+01
3.558154838709676682e+01
3.384425806451612573e+01
3.659496774193547708e+01
3.427858064516128422e+01
3.239651612903225697e+01
3.196219354838709137e+01
3.196219354838709137e+01
3.442335483870967039e+01
3.456812903225805655e+01
3.369948387096773956e+01
3.297561290322580163e+01
3.225174193548386370e+01
3.268606451612902930e+01
3.355470967741935340e+01
3.413380645161289806e+01
3.369948387096773956e+01
3.456812903225805655e+01
3.558154838709676682e+01
3.529199999999999449e+01
3.427858064516128422e+01
3.587109677419354625e+01
3.543677419354838065e+01
3.384425806451612573e+01
3.283083870967741547e+01
3.427858064516128422e+01
3.485767741935483599e+01
3.543677419354838065e+01
3.702929032258064268e+01
4.383367741935483508e+01
3.514722580645160832e+01
3.630541935483870475e+01
4.455754838709676591e+01
3.818748387096773911e+01
3.167264516129031904e+01
3.283083870967741547e+01
3.254129032258064314e+01
3.384425806451612573e+01
3.254129032258064314e+01
3.239651612903225697e+01
3.384425806451612573e+01
3.283083870967741547e+01
3.239651612903225697e+01
3.297561290322580163e+01
3.340993548387096013e+01
3.442335483870967039e+01
4.064864516129031813e+01
3.456812903225805655e+01
3.673974193548386324e+01
4.151729032258064223e+01
3.630541935483870475e+01
3.500245161290322216e+01
3.369948387096773956e+01
3.239651612903225697e+01
3.268606451612902930e+01
6.757664516129031540e+01
3.442335483870967039e+01
3.297561290322580163e+01
3.167264516129031904e+01
3.065922580645160878e+01
3.297561290322580163e+01
3.210696774193547753e+01
3.254129032258064314e+01
3.051445161290322261e+01
3.340993548387096013e+01
3.485767741935483599e+01
3.312038709677418780e+01
3.529199999999999449e+01
3.514722580645160832e+01
3.500245161290322216e+01
3.427858064516128422e+01
3.340993548387096013e+01
3.529199999999999449e+01
3.572632258064515298e+01
3.818748387096773911e+01
nan
3.702929032258064268e+01
nan
3.688451612903224941e+01
3.731883870967741501e+01
nan
nan
3.427858064516128422e+01
3.485767741935483599e+01
3.210696774193547753e+01
3.456812903225805655e+01
3.398903225806451189e+01
3.500245161290322216e+01
3.225174193548386370e+01
3.268606451612902930e+01
3.181741935483870520e+01
3.746361290322580118e+01
3.630541935483870475e+01
3.427858064516128422e+01
3.630541935483870475e+01
3.398903225806451189e+01
3.601587096774193242e+01
3.963522580645160787e+01
4.310980645161290425e+01
3.949045161290322170e+01
3.804270967741935294e+01
3.659496774193547708e+01
3.702929032258064268e+01
3.731883870967741501e+01
3.746361290322580118e+01
nan
nan
