37.91829984083612 46.45081626384244 0
38.18211670910643 45.03344375942467 0
30.53032009103587 39.425425105068214 0
24.560654711074 46.09826162730269 0
27.611180307204457 52.79700366742803 0
29.360386657285794 53.007646674337806 0
44.3852663457918 54.46601435997205 1
37.91829984083612 46.45081626384244 1
29.360386657285794 53.007646674337806 1
36.038432332562316 60.372654620955515 1
38.28194220749034 60.627376606995625 1
14.206986172083774 46.711162896611214 2
12.866452356829228 50.93828212063792 2
22.432642720776492 57.317486619704326 2
27.611180307204457 52.79700366742803 2
24.560654711074 46.09826162730269 2
21.655650630785658 44.60941881724486 2
104.95851446289504 17.156780622293205 3
97.39701156980883 24.357154839386965 3
91.39148772130721 14.551581676314136 3
99.92601393019615 11.23679262805588 3
103.32614072981289 13.128539386968185 3
69.70719126941876 25.24049911281105 4
75.69244188753859 22.329309232174737 4
75.59377601703824 15.732247692075795 4
70.5688493244113 12.951265740494769 4
63.4078197532617 19.143344487675662 4
110.63175380736834 82.57572320321248 5
103.3396491885801 84.94206837573861 5
106.81104244618714 92.92603942990728 5
113.85770634052164 92.96085458642595 5
115.6544115758434 87.14990466470732 5
37.98339250188993 33.794902174696716 6
29.95594636448265 34.767104284735396 6
30.53032009103587 39.425425105068214 6
38.18211670910643 45.03344375942467 6
42.55948959642185 40.86320029930138 6
40.64201951008557 28.27157522293814 7
37.406556054236766 23.99431550316031 7
29.511133181749393 28.201309048111966 7
28.55309203595376 33.298412723858235 7
29.95594636448265 34.767104284735396 7
37.98339250188993 33.794902174696716 7
20.56765948348508 71.95660132777552 8
14.615400718463526 68.93597292755587 8
15.062687033505426 62.82719742750356 8
22.28515426718274 57.86233535929644 8
26.678198386646294 67.98450611220414 8
28.854633382124042 68.35793110795845 9
36.038432332562316 60.372654620955515 9
29.360386657285794 53.007646674337806 9
27.611180307204457 52.79700366742803 9
22.432642720776492 57.317486619704326 9
22.28515426718274 57.86233535929644 9
26.678198386646294 67.98450611220414 9
32.919175160092884 73.21850416545264 10
28.854633382124042 68.35793110795845 10
36.038432332562316 60.372654620955515 10
38.28194220749034 60.627376606995625 10
41.606492435615856 65.78253750368947 10
37.94747841064419 72.27564691758012 10
24.497130757603593 80.806992866619 11
23.092901756968004 88.15155555939417 11
16.574031640858493 89.16024708262604 11
13.287210338379609 81.2466750083114 11
20.759674591896193 77.02609094357709 11
24.497130757603593 80.806992866619 12
31.68519367305823 79.07999839455204 12
32.919175160092884 73.21850416545264 12
28.854633382124042 68.35793110795845 12
26.678198386646294 67.98450611220414 12
20.56765948348508 71.95660132777552 12
20.759674591896193 77.02609094357709 12
20.10525118125021 35.552914417466454 13
21.655650630785658 44.60941881724486 13
24.560654711074 46.09826162730269 13
30.53032009103587 39.425425105068214 13
29.95594636448265 34.767104284735396 13
28.55309203595376 33.298412723858235 13
20.99029277350551 34.06618401005221 13
14.554204522065739 97.42629372000484 14
18.099581005456123 99.93113320030166 14
27.539934309018868 97.95726923863857 14
27.754231915675412 92.20330299386147 14
23.092901756968004 88.15155555939417 14
16.574031640858493 89.16024708262604 14
14.12863873358988 92.21275156817104 14
30.796342005251127 17.18127753484302 15
25.041622976597004 21.93760665716146 15
29.511133181749393 28.201309048111966 15
37.406556054236766 23.99431550316031 15
37.49258116829578 22.23896239937843 15
59.535541308034944 19.885180778827497 16
59.26398665273164 33.202519342103 16
58.46163538329595 33.954741531961275 16
50.48032000829412 32.81872410161691 16
48.37550483115317 29.01261833800757 16
49.85218164020325 24.229211576600292 16
48.37550483115317 29.01261833800757 17
40.64201951008557 28.27157522293814 17
37.98339250188993 33.794902174696716 17
42.55948959642185 40.86320029930138 17
46.15189261086929 40.326545300445986 17
50.48032000829412 32.81872410161691 17
59.26398665273164 33.202519342103 18
68.94911344833159 31.42982973206142 18
70.18947793379607 41.569646763443515 18
69.51725292884302 42.469653044861516 18
59.773399762910365 40.44780986243266 18
58.46163538329595 33.954741531961275 18
59.535541308034944 19.885180778827497 19
59.696145568249385 19.66406018508757 19
61.26922768402155 18.95990982756571 19
63.4078197532617 19.143344487675662 19
69.70719126941876 25.24049911281105 19
69.27434188610951 31.069902878943182 19
68.94911344833159 31.42982973206142 19
59.26398665273164 33.202519342103 19
50.94397290929496 59.93479050659131 20
45.26848144255589 54.43265946657314 20
52.16200519113472 47.07729749165384 20
56.05515201550174 47.44060370820557 20
59.571427382289876 51.96490751649293 20
53.00822533749372 59.91161864082966 20
56.05515201550174 47.44060370820557 21
59.773399762910365 40.44780986243266 21
58.46163538329595 33.954741531961275 21
50.48032000829412 32.81872410161691 21
46.15189261086929 40.326545300445986 21
52.16200519113472 47.07729749165384 21
45.26848144255589 54.43265946657314 22
44.3852663457918 54.46601435997205 22
37.91829984083612 46.45081626384244 22
38.18211670910643 45.03344375942467 22
42.55948959642185 40.86320029930138 22
46.15189261086929 40.326545300445986 22
52.16200519113472 47.07729749165384 22
59.571427382289876 51.96490751649293 23
63.337753926219996 53.30515592437821 23
69.71630990945721 50.15354041476583 23
69.51725292884302 42.469653044861516 23
59.773399762910365 40.44780986243266 23
56.05515201550174 47.44060370820557 23
50.94397290929496 59.93479050659131 24
46.69326188131546 66.91807361017733 24
41.606492435615856 65.78253750368947 24
38.28194220749034 60.627376606995625 24
44.3852663457918 54.46601435997205 24
45.26848144255589 54.43265946657314 24
113.76461052774965 27.80110931528276 25
108.92387212496087 25.981296196955896 25
107.61618612494371 18.40059286379757 25
114.54568593838286 16.87526847157271 25
117.59276016952458 18.81753962030887 25
118.7906117587221 23.7518216143187 25
84.21657133068325 100.04726012042379 26
77.22111800924867 104.23012200208701 26
72.70854534740295 96.33491136535544 26
79.00417980907807 89.92733759677931 26
84.52456481259975 96.35527948401686 26
91.07249885538508 105.1827749122517 27
84.11891017458098 113.02766738937619 27
76.0496066637738 107.07805495635891 27
77.22111800924867 104.23012200208701 27
84.21657133068325 100.04726012042379 27
94.71343872572581 92.39663543144529 28
101.42632455403202 84.10507880121943 28
101.11204990131003 83.5044132772068 28
94.00860714090899 80.7990851590244 28
88.74035120274459 84.58448287456268 28
92.432991154836 91.65272631292002 28
74.14699832296387 84.81032560331865 29
77.45132755733155 75.54764292717901 29
83.24222173202205 76.2879524469227 29
86.35198195788271 83.82053174300835 29
78.97826540484238 89.48657169945044 29
86.35198195788271 83.82053174300835 30
88.74035120274459 84.58448287456268 30
94.00860714090899 80.7990851590244 30
93.06396430992132 70.64707209260919 30
89.87567922388456 70.45783238284899 30
83.24222173202205 76.2879524469227 30
78.97826540484238 89.48657169945044 31
79.00417980907807 89.92733759677931 31
84.52456481259975 96.35527948401686 31
92.432991154836 91.65272631292002 31
88.74035120274459 84.58448287456268 31
86.35198195788271 83.82053174300835 31
75.95160950904511 66.5751867068876 32
84.38805696700032 63.605280146507496 32
89.87567922388456 70.45783238284899 32
83.24222173202205 76.2879524469227 32
77.45132755733155 75.54764292717901 32
74.37070315658994 72.06000007848105 32
73.38585019327039 62.11278441013562 33
76.2327342975789 52.99081019955885 33
69.71630990945721 50.15354041476583 33
63.337753926219996 53.30515592437821 33
64.72460385939561 61.57145756841179 33
75.95160950904511 66.5751867068876 34
84.38805696700032 63.605280146507496 34
84.87516503005483 60.44881344181081 34
78.16911642524866 52.584599758432006 34
76.2327342975789 52.99081019955885 34
73.38585019327039 62.11278441013562 34
43.76980703981004 88.4955867115468 35
42.29482509944918 81.72366429689036 35
33.76566068273534 81.61146756452808 35
32.933465817434275 89.28046139336057 35
39.95345322618345 91.62189539709966 35
42.29482509944918 81.72366429689036 36
44.492359753619645 77.96186541334087 36
37.94747841064419 72.27564691758012 36
32.919175160092884 73.21850416545264 36
31.68519367305823 79.07999839455204 36
33.76566068273534 81.61146756452808 36
32.933465817434275 89.28046139336057 37
27.754231915675412 92.20330299386147 37
23.092901756968004 88.15155555939417 37
24.497130757603593 80.806992866619 37
31.68519367305823 79.07999839455204 37
33.76566068273534 81.61146756452808 37
39.98392701688622 101.11290315724678 38
39.95345322618345 91.62189539709966 38
32.933465817434275 89.28046139336057 38
27.754231915675412 92.20330299386147 38
27.539934309018868 97.95726923863857 38
28.575168592068344 99.34818561268692 38
11.356621724685795 19.206431414650567 39
11.291358985512964 12.963278656452239 39
13.30526748442437 11.628684922768926 39
20.70024230129146 13.42029272594798 39
21.50263164376163 21.43751873888646 39
17.843877860323808 23.824069059320763 39
17.08853824567938 27.102720863618003 40
20.99029277350551 34.06618401005221 40
28.55309203595376 33.298412723858235 40
29.511133181749393 28.201309048111966 40
25.041622976597004 21.93760665716146 40
21.50263164376163 21.43751873888646 40
17.843877860323808 23.824069059320763 40
69.01341157045354 95.78666925528957 41
72.70854534740295 96.33491136535544 41
79.00417980907807 89.92733759677931 41
78.97826540484238 89.48657169945044 41
74.14699832296387 84.81032560331865 41
68.77405379614422 85.30374807625635 41
66.26694166390291 88.48181456524226 41
64.77119881009327 99.87185189025003 42
65.62410874662447 104.76388065092176 42
72.28019867755566 109.24702618117352 42
76.0496066637738 107.07805495635891 42
77.22111800924867 104.23012200208701 42
72.70854534740295 96.33491136535544 42
69.01341157045354 95.78666925528957 42
62.41924403078418 118.73605286975838 43
70.44926102992264 115.30241636225999 43
72.28019867755566 109.24702618117352 43
65.62410874662447 104.76388065092176 43
57.83810168057425 109.334442599067 43
58.866070809071466 115.91596022142106 43
42.961882319018365 16.509574840388645 44
37.49258116829578 22.23896239937843 44
30.796342005251127 17.18127753484302 44
30.82561878181385 13.19893950427371 44
38.94367795582999 10.87124572111621 44
42.961882319018365 16.509574840388645 45
37.49258116829578 22.23896239937843 45
37.406556054236766 23.99431550316031 45
40.64201951008557 28.27157522293814 45
48.37550483115317 29.01261833800757 45
49.85218164020325 24.229211576600292 45
45.02458393017516 16.636179526448387 45
50.457791088162956 12.226006323735255 46
59.696145568249385 19.66406018508757 46
59.535541308034944 19.885180778827497 46
49.85218164020325 24.229211576600292 46
45.02458393017516 16.636179526448387 46
92.23729074344496 105.22592205953437 47
98.10200435141601 97.47624466085902 47
101.86379687208853 97.96318154526655 47
105.05479119335513 102.62747331129411 47
102.3584980305613 108.6662134852442 47
95.46251963123927 109.19128269565955 47
98.10200435141601 97.47624466085902 48
94.71343872572581 92.39663543144529 48
101.42632455403202 84.10507880121943 48
103.3396491885801 84.94206837573861 48
106.81104244618714 92.92603942990728 48
101.86379687208853 97.96318154526655 48
105.05479119335513 102.62747331129411 49
111.52513015920476 103.82271778847739 49
115.89052454100266 96.40602728957036 49
113.85770634052164 92.96085458642595 49
106.81104244618714 92.92603942990728 49
101.86379687208853 97.96318154526655 49
92.23729074344496 105.22592205953437 50
91.07249885538508 105.1827749122517 50
84.21657133068325 100.04726012042379 50
84.52456481259975 96.35527948401686 50
92.432991154836 91.65272631292002 50
94.71343872572581 92.39663543144529 50
98.10200435141601 97.47624466085902 50
102.3584980305613 108.6662134852442 51
106.03366520915634 113.79728895747944 51
113.73813570257738 110.5483755786462 51
114.19124389402197 109.78805794174913 51
111.52513015920476 103.82271778847739 51
105.05479119335513 102.62747331129411 51
92.23729074344496 105.22592205953437 52
91.07249885538508 105.1827749122517 52
84.11891017458098 113.02766738937619 52
85.19677668209687 118.26516923830216 52
85.35114259509436 118.33631569551027 52
94.96596262921545 116.58707393628536 52
95.46251963123927 109.19128269565955 52
94.50989678525511 69.98459670143698 53
93.06396430992132 70.64707209260919 53
89.87567922388456 70.45783238284899 53
84.38805696700032 63.605280146507496 53
84.87516503005483 60.44881344181081 53
91.92821261530199 56.29070461437732 53
94.93063674167229 58.111026431069874 53
104.72274148556414 29.355167038652368 54
108.92387212496087 25.981296196955896 54
107.61618612494371 18.40059286379757 54
104.95851446289504 17.156780622293205 54
97.39701156980883 24.357154839386965 54
97.23328637333128 25.14918100851611 54
105.40942992734219 34.86077424737323 55
109.55752230127516 36.07429143719962 55
114.09173148593939 32.625739653966136 55
113.76461052774965 27.80110931528276 55
108.92387212496087 25.981296196955896 55
104.72274148556414 29.355167038652368 55
96.94232084997614 37.432621700406074 56
94.07755083199052 28.02851035912724 56
97.23328637333128 25.14918100851611 56
104.72274148556414 29.355167038652368 56
105.40942992734219 34.86077424737323 56
99.47715332377683 39.12674358132166 56
84.57330731249988 23.642616793653687 57
86.72020618052255 15.009392967641155 57
89.48607650921625 14.060304967477407 57
91.39148772130721 14.551581676314136 57
97.39701156980883 24.357154839386965 57
97.23328637333128 25.14918100851611 57
94.07755083199052 28.02851035912724 57
90.08123320727526 28.06961600252464 57
84.57330731249988 23.642616793653687 58
86.72020618052255 15.009392967641155 58
82.14279825872433 12.600321865390796 58
75.59377601703824 15.732247692075795 58
75.69244188753859 22.329309232174737 58
80.96009431369907 24.84211167916142 58
78.61905782866663 32.97923819374604 59
69.27434188610951 31.069902878943182 59
69.70719126941876 25.24049911281105 59
75.69244188753859 22.329309232174737 59
80.96009431369907 24.84211167916142 59
45.61866429860543 77.49825404144606 60
44.492359753619645 77.96186541334087 60
37.94747841064419 72.27564691758012 60
41.606492435615856 65.78253750368947 60
46.69326188131546 66.91807361017733 60
48.85906421824577 70.2244762013194 60
62.89347071239721 64.73883996665589 61
67.8841251980372 72.82151986050482 61
64.50397474087637 76.94386160618748 61
58.44861877547171 77.67030465681673 61
55.21454430800029 70.54885281539883 61
58.2850121829998 65.72657078083753 61
67.8841251980372 72.82151986050482 62
74.37070315658994 72.06000007848105 62
77.45132755733155 75.54764292717901 62
74.14699832296387 84.81032560331865 62
68.77405379614422 85.30374807625635 62
64.50397474087637 76.94386160618748 62
62.89347071239721 64.73883996665589 63
64.72460385939561 61.57145756841179 63
73.38585019327039 62.11278441013562 63
75.95160950904511 66.5751867068876 63
74.37070315658994 72.06000007848105 63
67.8841251980372 72.82151986050482 63
55.21454430800029 70.54885281539883 64
48.85906421824577 70.2244762013194 64
45.61866429860543 77.49825404144606 64
55.322093913204164 81.79405464479767 64
58.44861877547171 77.67030465681673 64
58.2850121829998 65.72657078083753 65
53.00822533749372 59.91161864082966 65
50.94397290929496 59.93479050659131 65
46.69326188131546 66.91807361017733 65
48.85906421824577 70.2244762013194 65
55.21454430800029 70.54885281539883 65
62.89347071239721 64.73883996665589 66
64.72460385939561 61.57145756841179 66
63.337753926219996 53.30515592437821 66
59.571427382289876 51.96490751649293 66
53.00822533749372 59.91161864082966 66
58.2850121829998 65.72657078083753 66
27.415074498388 107.84804387586404 67
28.575168592068344 99.34818561268692 67
27.539934309018868 97.95726923863857 67
18.099581005456123 99.93113320030166 67
18.295124847794384 108.41803956187657 67
23.330508272351928 110.9353610270489 67
57.26965139070527 96.8196064563174 68
61.051716780739845 88.97988489924519 68
55.327844201157625 82.98531647158414 68
49.09670972273839 89.84235895860932 68
51.517730434553975 95.09640152165646 68
56.1788047491688 97.19182929463473 68
49.09670972273839 89.84235895860932 69
43.76980703981004 88.4955867115468 69
42.29482509944918 81.72366429689036 69
44.492359753619645 77.96186541334087 69
45.61866429860543 77.49825404144606 69
55.322093913204164 81.79405464479767 69
55.327844201157625 82.98531647158414 69
61.051716780739845 88.97988489924519 70
66.26694166390291 88.48181456524226 70
68.77405379614422 85.30374807625635 70
64.50397474087637 76.94386160618748 70
58.44861877547171 77.67030465681673 70
55.322093913204164 81.79405464479767 70
55.327844201157625 82.98531647158414 70
57.26965139070527 96.8196064563174 71
64.77119881009327 99.87185189025003 71
69.01341157045354 95.78666925528957 71
66.26694166390291 88.48181456524226 71
61.051716780739845 88.97988489924519 71
57.26965139070527 96.8196064563174 72
64.77119881009327 99.87185189025003 72
65.62410874662447 104.76388065092176 72
57.83810168057425 109.334442599067 72
54.35720667704734 106.43042393312639 72
56.1788047491688 97.19182929463473 72
102.83413983492844 74.76110717267919 73
101.11204990131003 83.5044132772068 73
94.00860714090899 80.7990851590244 73
93.06396430992132 70.64707209260919 73
94.50989678525511 69.98459670143698 73
96.89723391672277 70.1530610119752 73
102.83413983492844 74.76110717267919 74
101.11204990131003 83.5044132772068 74
101.42632455403202 84.10507880121943 74
103.3396491885801 84.94206837573861 74
110.63175380736834 82.57572320321248 74
111.1696604469827 77.72682486096488 74
106.49347345362844 74.1003597941227 74
88.0609786687744 47.66057162167242 75
88.65127106224651 39.50518419094385 75
85.1803885850986 36.14193871739515 75
80.60569840700825 36.156101273657484 75
78.41117799599616 40.090898240674605 75
81.54023062539375 48.77694819011633 75
80.60569840700825 36.156101273657484 76
78.61905782866663 32.97923819374604 76
69.27434188610951 31.069902878943182 76
68.94911344833159 31.42982973206142 76
70.18947793379607 41.569646763443515 76
78.41117799599616 40.090898240674605 76
81.54023062539375 48.77694819011633 77
78.16911642524866 52.584599758432006 77
76.2327342975789 52.99081019955885 77
69.71630990945721 50.15354041476583 77
69.51725292884302 42.469653044861516 77
70.18947793379607 41.569646763443515 77
78.41117799599616 40.090898240674605 77
85.1803885850986 36.14193871739515 78
90.08123320727526 28.06961600252464 78
84.57330731249988 23.642616793653687 78
80.96009431369907 24.84211167916142 78
78.61905782866663 32.97923819374604 78
80.60569840700825 36.156101273657484 78
88.65127106224651 39.50518419094385 79
96.94232084997614 37.432621700406074 79
94.07755083199052 28.02851035912724 79
90.08123320727526 28.06961600252464 79
85.1803885850986 36.14193871739515 79
88.0609786687744 47.66057162167242 80
90.62788942023207 49.210604720924195 80
100.4021937840246 45.397357664277735 80
99.47715332377683 39.12674358132166 80
96.94232084997614 37.432621700406074 80
88.65127106224651 39.50518419094385 80
88.0609786687744 47.66057162167242 81
90.62788942023207 49.210604720924195 81
91.92821261530199 56.29070461437732 81
84.87516503005483 60.44881344181081 81
78.16911642524866 52.584599758432006 81
81.54023062539375 48.77694819011633 81
112.22467252254228 44.05237491108335 82
100.47435388405543 45.45815217859038 82
100.4021937840246 45.397357664277735 82
99.47715332377683 39.12674358132166 82
105.40942992734219 34.86077424737323 82
109.55752230127516 36.07429143719962 82
112.55660734254727 43.68299619985113 82
109.24181743858281 68.55904401050672 83
106.49347345362844 74.1003597941227 83
111.1696604469827 77.72682486096488 83
118.44401106765542 74.22547564332949 83
118.36585501023077 68.75179641270748 83
118.31451651665358 68.69747137197012 83
40.386736415400996 101.58166796161957 84
37.26779698197446 111.13867015202179 84
45.93210205758222 115.6626044349082 84
49.639850948022506 107.11825042326272 84
43.35447759783174 101.8332087655791 84
49.639850948022506 107.11825042326272 85
54.35720667704734 106.43042393312639 85
57.83810168057425 109.334442599067 85
58.866070809071466 115.91596022142106 85
47.41231055428167 119.1021693577277 85
45.93210205758222 115.6626044349082 85
40.386736415400996 101.58166796161957 86
39.98392701688622 101.11290315724678 86
28.575168592068344 99.34818561268692 86
27.415074498388 107.84804387586404 86
36.59193568509183 111.47573623261472 86
37.26779698197446 111.13867015202179 86
43.35447759783174 101.8332087655791 87
51.517730434553975 95.09640152165646 87
56.1788047491688 97.19182929463473 87
54.35720667704734 106.43042393312639 87
49.639850948022506 107.11825042326272 87
40.386736415400996 101.58166796161957 88
39.98392701688622 101.11290315724678 88
39.95345322618345 91.62189539709966 88
43.76980703981004 88.4955867115468 88
49.09670972273839 89.84235895860932 88
51.517730434553975 95.09640152165646 88
43.35447759783174 101.8332087655791 88
105.98913316277373 63.34384529836933 89
114.81115853603674 57.10907454106692 89
111.60228633163388 53.46495036992445 89
102.9613355141775 52.6522693193793 89
100.76277752380844 56.976706867729504 89
104.80144520262394 63.10950657130688 89
102.9613355141775 52.6522693193793 90
100.47435388405543 45.45815217859038 90
112.22467252254228 44.05237491108335 90
111.60228633163388 53.46495036992445 90
105.98913316277373 63.34384529836933 91
109.24181743858281 68.55904401050672 91
118.31451651665358 68.69747137197012 91
115.98413976243728 57.44327064678177 91
114.81115853603674 57.10907454106692 91
104.80144520262394 63.10950657130688 92
96.89723391672277 70.1530610119752 92
94.50989678525511 69.98459670143698 92
94.93063674167229 58.111026431069874 92
100.76277752380844 56.976706867729504 92
102.9613355141775 52.6522693193793 93
100.47435388405543 45.45815217859038 93
100.4021937840246 45.397357664277735 93
90.62788942023207 49.210604720924195 93
91.92821261530199 56.29070461437732 93
94.93063674167229 58.111026431069874 93
100.76277752380844 56.976706867729504 93
105.98913316277373 63.34384529836933 94
109.24181743858281 68.55904401050672 94
106.49347345362844 74.1003597941227 94
102.83413983492844 74.76110717267919 94
96.89723391672277 70.1530610119752 94
104.80144520262394 63.10950657130688 94
