31.3605 47.1354
37.1969 54.9849
20.5556 49.7453
99.3998 16.0862
70.9940 19.0793
110.0589 88.1109
35.8423 38.7768
34.0087 30.3879
19.8418 65.9133
27.6087 59.6714
35.9414 66.7724
19.6422 83.2783
26.5660 74.0615
25.1930 38.2597
20.2491 93.8632
32.0496 22.7107
54.3282 28.8505
44.3654 34.1813
64.3591 37.1790
63.8879 24.8244
52.8349 53.4603
53.8474 40.3443
43.8039 46.9500
62.9952 47.6303
44.5299 60.3602
113.5390 21.9379
79.5350 97.3790
82.5357 105.9132
95.4056 86.1737
80.0342 81.9906
89.2138 77.7662
85.0054 89.3045
80.8799 70.7556
69.4795 56.0267
78.8338 59.7196
38.5434 86.5466
37.1841 77.6452
28.9548 85.1890
32.7900 95.2540
16.0000 17.0800
22.9330 27.1240
72.6989 90.0188
71.0955 102.4732
64.5795 112.2166
36.2040 16.0000
43.1079 22.9846
52.9132 18.5281
99.1798 103.5251
101.0427 91.6349
109.1672 97.7844
91.0428 98.3338
108.8169 108.2084
89.7722 112.2595
90.5102 64.2208
103.4753 23.4000
109.4117 31.1164
99.6437 32.3255
91.3700 21.6085
80.9471 19.0260
74.8506 27.2922
44.2029 71.7768
61.2050 71.4083
71.1885 77.9145
69.8684 66.6466
52.6926 75.5472
52.1673 65.5441
60.3034 59.5364
23.8759 104.0730
55.0737 91.8192
47.9889 82.9002
61.3850 83.1656
63.6746 93.9880
59.3398 102.4020
97.0710 74.9749
105.2867 80.2451
83.7416 41.3886
74.3415 35.5493
74.8252 46.9480
83.3366 30.3053
90.9866 33.8356
94.0270 43.0555
85.8669 52.4954
105.7288 41.2361
113.6716 72.0102
43.3162 107.4669
52.3409 112.2606
35.0368 105.4175
51.0096 101.5340
44.0090 95.6549
106.8214 57.7761
106.8157 48.9069
112.8682 63.0305
98.3804 63.6670
97.4411 52.0138
104.3762 69.0045
