39.785427 102.619404 1127.005041
41.952063 113.646606 1248.109941
41.171136 114.759922 1260.336797
39.332882 97.600676 1071.887480
37.230374 93.294582 1024.596322
36.294962 88.453777 971.432777
36.732682 86.428714 949.192771
35.742808 85.372630 937.594464
39.886780 105.140928 1154.697369
43.125844 122.456554 1344.864114
38.038343 97.846681 1074.589194
36.541438 90.322194 991.952443
39.604475 114.206538 1254.259327
37.462490 94.578323 1038.694856
41.658112 124.601631 1368.422160
34.256144 75.547302 829.689001
42.450276 112.793529 1238.741128
38.966870 105.875685 1162.766749
38.860239 95.812676 1052.250983
42.406736 114.034403 1252.368874
39.996588 106.741228 1172.272473
44.220608 136.463603 1498.694812
41.421722 115.729031 1270.979914
42.400173 126.385949 1388.018219
36.982528 93.381840 1025.554632
35.104873 86.647369 951.594123
38.405210 96.788540 1062.968296
40.304766 104.920238 1152.273669
35.807989 82.126230 901.941268
39.844654 106.476968 1169.370266
39.365161 102.509101 1125.793659
37.897037 94.468631 1037.490172
42.753841 127.150931 1396.419531
40.837865 113.106728 1242.180799
39.154864 99.371142 1091.331409
35.508173 85.463203 938.589161
35.939121 87.765518 963.874062
37.984105 101.004126 1109.265454
41.874560 117.383030 1289.144753
36.656827 92.059154 1011.028387
39.771930 112.690811 1237.613039
37.131287 96.102090 1055.429442
39.138098 108.487402 1191.449610
43.310569 132.165862 1451.495404
35.663714 84.790209 931.198093
38.880807 104.587857 1148.623333
38.742495 89.691500 985.025916
37.803881 99.759253 1095.593784
38.422309 98.623531 1083.120861
38.944489 105.378517 1157.306660
40.860890 115.232471 1265.526512
35.285232 85.434148 938.270074
39.462361 101.355688 1113.126434
40.336910 107.764792 1183.513637
35.854954 83.066501 912.267684
30.962242 68.626353 753.680522
38.596327 100.195866 1100.388830
41.430289 116.681758 1281.443129
37.569401 99.237039 1089.858634
36.342410 88.154561 968.146676
34.468563 79.932476 877.848633
39.180369 107.817579 1184.093361
41.132730 117.980311 1295.704320
39.222699 106.368864 1168.183026
37.934862 95.768192 1051.762445
34.125086 80.280500 881.670766
38.910099 102.717525 1128.082643
39.195849 103.439249 1136.008896
38.306074 98.566732 1082.497070
39.068232 102.666265 1127.519693
39.427611 109.416888 1201.657574
35.735514 85.609517 940.196046
37.195226 92.722563 1018.314193
38.207441 92.244485 1013.063762
33.858782 78.324508 860.189324
37.937971 98.870608 1085.834352
36.844188 86.532636 950.334082
40.567272 115.375675 1267.099231
37.105966 93.702185 1029.072777
36.650088 87.024790 955.739106
39.600616 105.892422 1162.950558
40.421015 112.492676 1235.437049
38.570825 96.642741 1061.367070
34.798911 79.865732 877.115628
40.331894 105.304206 1156.490549
40.909125 111.668144 1226.381727
41.417340 108.797831 1194.858859
38.090271 93.892483 1031.162701
39.884515 106.834027 1173.291626
37.742426 92.508447 1015.962700
37.558184 84.934357 932.781180
38.735559 91.681798 1006.884125
38.146059 88.900103 976.334498
39.700331 108.809932 1194.991755
35.363481 82.295800 903.803547
