52.7583 68.5268
63.6708 74.8684
55.0172 79.0638
108.3742 82.2001
188.2520 162.7358
195.0736 147.2572
200.4351 137.2221
187.6712 154.7542
184.9808 146.3342
212.4731 142.0853
225.0041 145.8116
213.4138 32.0301
64.3777 86.8843
63.4618 63.8890
121.3971 35.7150
88.0217 51.7978
84.2098 41.4144
77.5911 50.4854
65.7862 51.4465
54.7690 58.2898
65.9685 98.6593
101.1040 103.5958
102.2353 92.7899
19.8698 62.2843
45.9700 83.5286
54.4609 88.5214
157.7065 140.0150
166.7801 138.9877
113.1077 89.2831
89.5569 114.4602
99.8777 112.8115
107.6059 128.3019
117.9982 134.5523
108.8822 138.7650
100.1791 142.8439
111.6171 71.6773
102.0729 72.6739
96.3846 60.8970
118.3381 107.9162
112.3182 98.6220
110.0748 108.4202
108.9568 118.2985
117.2975 122.6837
229.1213 181.0487
230.2386 190.2901
220.2695 187.9739
206.1092 149.8834
198.8728 159.9796
130.2782 26.3793
119.0287 79.5830
123.8106 69.4245
128.4238 78.5472
209.0625 21.7681
95.9853 83.7245
81.2806 68.9176
74.3393 60.1045
71.8862 69.9110
85.4607 60.7923
75.0836 79.5602
86.2179 77.5060
92.2270 71.3443
75.9541 30.4133
72.4039 40.1214
64.3378 31.6771
35.2890 16.4984
24.7022 161.5651
31.0974 91.6636
19.2291 87.0146
61.3698 40.2001
56.8060 49.4132
44.1858 61.4696
27.1394 56.2443
40.2435 153.2291
35.7815 159.5270
37.2171 167.7619
25.5891 170.8720
17.8872 179.3305
33.0223 74.3815
22.5278 72.3868
32.3376 64.6206
24.9094 81.5519
36.1670 84.0626
42.9404 73.3354
60.6562 106.6358
56.6536 97.5184
44.8939 95.4700
126.9023 140.3203
84.2034 232.4373
210.4024 93.5597
214.0919 103.6543
220.6261 82.6900
213.6766 86.4912
222.6712 64.2182
203.6680 83.7685
190.2595 42.9243
202.1213 38.6215
134.3077 157.7449
135.4429 147.8703
176.9212 141.9645
188.0613 137.6333
191.5298 127.7347
156.5778 74.4265
163.6292 65.6061
149.0326 82.5563
146.8881 91.0427
129.2850 94.4779
136.9954 95.6275
122.4978 92.0484
136.1539 84.3705
99.4882 152.3823
127.9604 171.4632
116.0270 54.7293
105.2684 59.8300
116.9292 63.6121
114.0300 44.4901
143.1712 157.9529
210.0788 193.9034
184.7571 177.3096
178.7898 183.4054
193.5317 171.0871
180.4415 169.2608
197.7088 181.1225
171.3135 178.9510
204.8237 171.9126
211.3393 181.7055
216.8386 123.9887
215.6637 114.2311
225.1814 116.7378
219.8973 134.2376
208.5510 130.3465
230.9078 137.7867
226.8221 127.1407
217.0549 199.7237
224.9769 198.8263
138.8849 28.2428
138.6208 17.9754
82.3397 24.5369
112.9690 20.1507
121.2836 23.6711
144.4597 74.5063
150.2920 65.1919
134.3946 70.8649
157.7895 44.9490
166.9403 45.2898
151.6192 39.4627
158.2688 54.9216
138.7517 49.5757
147.0130 56.5147
148.9710 47.8065
139.6574 62.8617
128.8702 58.6504
125.7481 47.1241
132.9709 37.9067
143.8638 36.7263
188.7929 34.1626
200.9178 27.1221
167.0004 30.4665
171.9458 38.3374
161.3839 36.8471
173.3300 24.2142
178.1404 32.8477
154.8000 30.4474
182.9496 24.2072
192.4556 23.9144
81.1986 99.6688
73.5754 92.2137
84.2796 88.0235
91.5751 95.8945
90.9344 105.5028
60.9004 16.0000
56.0176 23.6066
66.1399 23.1170
71.5756 17.6223
44.4780 22.3105
30.1494 26.3334
20.1749 20.5425
16.1235 29.6721
46.2449 118.8945
51.2238 124.7338
35.5367 120.8432
41.7060 109.7103
51.0133 107.8173
19.1578 153.2622
62.6060 136.5677
52.8857 133.2661
24.5278 106.5184
22.9821 96.6560
34.3922 101.8218
16.3115 102.8045
32.3814 112.0681
24.2995 117.4891
18.1994 191.9500
71.8919 117.2501
71.6966 105.6862
59.8907 115.9593
62.2564 126.1965
81.6288 110.5995
71.3127 141.6239
81.6630 146.9049
71.7740 129.9481
91.6820 143.7119
118.4552 155.5543
127.2474 151.8616
118.9116 145.6734
109.1745 148.4829
109.3046 158.5083
127.2723 161.9855
118.5136 165.6126
87.4048 221.1596
49.5163 150.0379
58.5439 144.5618
47.2038 159.9353
81.7694 182.2061
93.7834 211.1113
84.6401 209.6254
77.6286 228.3698
232.5547 99.2405
223.9942 107.3737
221.5614 96.1922
228.7458 90.4209
197.6839 48.1508
174.0550 71.4974
183.6991 120.2810
168.5046 78.2195
181.3359 79.6372
159.9898 86.3209
127.9498 103.4243
141.9227 103.0082
126.0443 128.1772
125.6505 116.2920
133.6288 111.7328
90.5268 198.9368
100.7476 203.2464
104.1129 179.4824
116.3742 175.0503
107.9473 168.2907
93.0354 184.6792
99.6616 191.2658
230.3322 206.2569
192.6226 233.0391
186.2660 225.8422
177.4136 161.6081
176.1093 152.9407
164.6641 185.1210
156.9465 190.5251
172.6086 202.7922
165.3970 195.8834
174.9946 191.2316
187.1336 188.0748
200.0639 189.4584
221.3127 163.9300
209.4689 161.2565
216.9520 153.4562
214.0048 170.1994
226.1409 156.4430
221.5755 174.8444
231.1835 170.5467
198.8856 124.5140
207.4119 119.6038
230.4863 217.2028
200.3115 228.9324
156.9186 16.1048
149.0644 24.0156
163.2698 21.7490
100.0606 33.2315
101.5445 20.8111
110.0240 32.2778
92.6816 24.9639
89.2608 34.5979
96.5194 46.5874
105.7788 45.7152
218.7511 54.2187
215.8391 43.1255
226.5284 48.6610
51.9048 42.2074
51.2727 33.1338
47.8234 50.7953
38.6505 54.4930
31.3100 40.9174
24.7252 35.7582
23.6754 46.1842
37.5592 33.4701
32.7907 49.3330
41.3167 42.5353
32.4463 138.7497
19.8713 134.0054
28.0054 127.6955
20.8807 143.5630
40.9792 130.4275
29.6065 151.0277
39.0405 146.1528
45.8580 139.9128
21.4566 201.7476
30.4775 205.4845
88.9255 128.1142
95.6991 122.1039
81.9800 122.2861
83.3097 135.3663
96.7467 133.4862
28.9443 195.9092
25.1547 186.0071
40.7391 200.5282
40.0252 183.0234
31.7296 178.4916
43.9849 175.6834
46.8573 188.5942
34.7514 189.6306
103.6499 212.7336
71.5758 152.6250
70.6684 186.0339
58.2682 189.2311
82.3059 190.5481
22.3807 212.2421
33.1549 234.5493
16.0000 233.0851
22.4249 224.8911
208.8133 75.9580
216.6012 71.5142
214.2645 61.4714
207.9659 51.6176
174.4438 63.0924
179.6197 45.7906
170.6110 54.3454
173.5044 89.5280
182.9645 109.4978
141.4593 131.5499
134.0361 123.4830
142.5774 117.0756
148.8377 125.7760
148.9005 137.1522
134.4459 135.9173
142.7801 144.9216
160.8289 106.4285
165.8998 96.3297
173.3039 103.6238
154.4719 97.5612
150.1926 108.5661
167.8502 122.6979
155.8002 117.8743
158.7834 129.9662
166.2629 112.5982
171.4295 132.2618
175.1287 116.5104
180.1541 128.7102
181.2792 234.0983
88.9228 165.5206
97.3027 172.2296
98.3499 161.7857
90.0308 154.4634
81.3449 159.1975
89.1835 175.6654
80.6699 171.3024
165.6197 149.4035
152.7258 149.7292
159.4988 165.4523
168.2858 170.5200
167.9823 160.6844
159.7729 156.9586
151.7834 162.3294
144.8265 176.7820
153.9758 181.7663
146.1786 168.9998
156.9832 174.2034
136.9181 168.0373
190.3964 207.7184
182.0788 199.3584
179.5916 209.0846
191.4091 196.8814
194.3146 220.4005
200.6201 210.4922
201.1981 200.2952
183.0870 217.5065
198.6560 106.6025
191.2865 115.2960
199.4090 114.5603
207.6368 109.3971
215.2275 218.5623
224.8463 222.6532
221.2654 210.2297
210.5300 207.1197
205.3108 218.5813
209.4698 227.9328
218.3078 228.7086
229.1543 58.3360
228.3040 70.8304
103.0576 228.1469
98.1075 220.6090
94.2496 231.1964
108.1413 220.8517
111.6987 231.8053
108.1009 197.0670
111.9494 186.3326
135.3681 179.3619
122.4370 190.0707
123.7040 180.4262
62.3204 168.9891
60.5813 157.1046
50.7640 166.2772
72.2991 165.3088
53.5714 177.6616
62.0220 179.4851
71.5996 176.5884
55.0103 198.1300
77.0479 219.5057
67.9757 227.9147
31.3819 221.8761
35.2057 212.8474
192.8231 64.3026
181.8177 58.4911
183.9106 69.3736
195.1678 74.8610
199.4218 57.9422
189.8808 53.3445
205.2362 65.6174
191.5349 94.1298
181.9981 97.8517
183.5370 88.2974
191.3345 102.9801
192.3475 84.4833
200.5046 90.3168
202.8327 99.0513
219.8213 20.9675
223.1234 29.1996
226.6217 37.0173
176.1564 224.7731
138.3292 194.6926
132.0841 188.1928
145.2249 188.7672
123.1062 206.2164
117.7645 197.4947
130.0001 199.6735
112.5162 208.9617
125.2614 222.9383
128.5274 231.2812
122.3676 214.4065
116.5187 222.2171
132.7791 211.8020
71.5021 203.7489
62.7510 205.2422
69.3523 194.6550
76.3222 209.6775
79.8930 199.8828
68.1728 215.7511
46.9815 234.9804
40.1346 227.9172
232.1115 25.4076
153.8080 198.7888
142.5084 202.5876
136.2682 223.6058
52.1343 217.9105
60.1818 224.6559
59.6020 215.1497
50.6173 227.1919
42.5786 220.2300
44.6441 211.3337
52.1147 207.2931
226.5340 234.2845
145.5174 224.9504
157.5052 214.8865
150.6529 208.1715
145.0325 215.5322
162.3883 206.1871
170.9278 214.5135
159.1342 233.3675
153.6002 224.7335
170.6652 230.9652
164.7009 222.7057
