1 6
2 6
3 6
4 6
5 5
6 6
7 7
8 6
9 5
10 6
11 5
12 7
13 7
14 6
15 6
16 5
17 6
18 6
19 7
20 6
21 5
22 6
23 6
24 3
25 5
26 5
27 5
28 5
29 5
30 5
31 6
32 6
33 6
34 6
35 5
36 6
37 6
38 6
39 7
40 6
41 5
42 6
43 6
44 4
45 3
46 7
47 6
48 7
49 5
50 6
51 6
52 5
53 3
54 7
55 6
56 6
57 5
58 6
59 7
60 5
61 6
62 7
63 6
64 6
65 2
66 5
67 6
68 3
69 6
70 5
71 6
72 5
73 5
74 5
75 7
76 4
77 4
78 5
79 4
80 7
81 5
82 6
83 7
84 5
85 6
86 8
87 6
88 3
89 6
90 6
91 6
92 5
93 5
94 6
95 5
96 7
97 5
98 6
99 7
100 6
101 6
102 6
103 7
104 5
105 6
106 4
107 5
108 8
109 8
110 6
111 6
112 6
113 7
114 5
115 5
116 7
117 6
118 6
119 4
120 6
121 6
122 6
123 7
124 6
125 7
126 6
127 6
128 4
129 6
130 6
131 3
132 4
133 5
134 5
135 5
136 3
137 4
138 3
139 4
140 6
141 6
142 6
143 5
144 6
145 5
146 7
147 7
148 5
149 6
150 6
151 7
152 6
153 6
154 7
155 7
156 5
157 6
158 5
159 6
160 4
161 6
162 6
163 4
164 3
165 6
166 6
167 6
168 6
169 6
170 3
171 5
172 5
173 4
174 5
175 6
176 2
177 3
178 6
179 5
180 6
181 6
182 6
183 3
184 5
185 6
186 5
187 5
188 6
189 2
190 5
191 4
192 4
193 6
194 7
195 7
196 6
197 6
198 6
199 6
200 6
201 6
202 6
203 6
204 6
205 6
206 6
207 6
208 6
209 7
210 6
211 7
212 6
213 6
214 6
215 6
216 4
217 3
218 5
219 7
220 3
221 5
222 5
223 5
224 6
225 7
226 7
227 7
228 7
229 6
230 6
231 5
232 7
233 6
234 6
235 6
236 6
237 7
238 6
239 3
240 4
241 5
242 6
243 6
244 6
245 5
246 6
247 6
248 7
249 7
250 6
251 6
252 6
253 6
254 5
255 3
256 6
257 3
258 6
259 6
260 3
261 4
262 2
263 6
264 5
265 6
266 4
267 7
268 4
269 6
270 7
271 6
272 6
273 6
274 4
275 5
276 7
277 6
278 6
279 5
280 5
281 4
282 6
283 5
284 7
285 7
286 3
287 5
288 4
289 7
290 7
291 5
292 6
293 4
294 5
295 4
296 7
297 7
298 7
299 7
300 6
301 5
302 8
303 4
304 7
305 6
306 7
307 6
308 5
309 6
310 6
311 6
312 6
313 5
314 4
315 1
316 4
317 6
318 6
319 5
320 7
321 5
322 8
323 6
324 7
325 6
326 6
327 6
328 7
329 5
330 6
331 6
332 6
333 6
334 5
335 7
336 6
337 5
338 6
339 7
340 7
341 5
342 5
343 6
344 7
345 4
346 6
347 6
348 6
349 6
350 6
351 5
352 6
353 7
354 7
355 5
356 6
357 6
358 5
359 6
360 6
361 5
362 5
363 8
364 7
365 7
366 6
367 5
368 5
369 7
370 5
371 6
372 6
373 5
374 7
375 5
376 6
377 6
378 5
379 7
380 7
381 6
382 4
383 4
384 4
385 4
386 4
387 6
388 4
389 6
390 3
391 5
392 7
393 6
394 5
395 6
396 6
397 7
398 6
399 6
400 6
401 5
402 6
403 6
404 6
405 4
406 6
407 6
408 6
409 6
410 6
411 7
412 5
413 6
414 7
415 6
416 6
417 5
418 6
419 6
420 5
421 7
422 4
423 4
424 5
425 6
426 4
427 6
428 8
429 5
430 6
431 7
432 8
433 5
434 2
435 5
436 5
437 7
438 5
439 6
440 7
441 5
442 6
443 7
444 3
445 5
446 3
447 6
448 7
449 5
450 6
451 5
452 5
453 5
454 6
455 5
456 6
457 2
458 3
459 6
460 5
461 7
462 6
463 7
464 3
465 5
466 4
467 6
