39.040778 106.350596 1155.928260
39.706424 104.951648 1140.723045
38.860089 103.457647 1124.484703
37.760961 97.491042 1059.633465
38.572051 97.551676 1060.292499
39.800805 111.242471 1209.098217
41.869791 125.439109 1363.401965
36.852721 90.398462 982.543976
35.212012 83.145401 903.710210
41.080101 116.576169 1267.070362
41.866193 122.816923 1334.901340
42.684084 122.677217 1333.382870
39.256219 107.702135 1170.618183
40.360741 113.822913 1237.145138
46.051204 148.217226 1610.978102
41.107702 111.736372 1214.466452
40.035601 102.658080 1115.794180
40.220500 109.422765 1189.319771
43.352806 132.085495 1435.641766
38.854690 99.967562 1086.550845
39.350874 101.314839 1101.194444
39.243673 103.553598 1125.527594
42.743458 120.016202 1304.460200
36.709092 93.684710 1018.262315
41.159056 111.837608 1215.566780
35.068119 83.131318 903.557140
38.902712 98.873321 1074.657504
39.770436 99.972630 1086.605936
42.678354 106.261270 1154.957376
36.606035 87.472340 950.739850
38.736431 97.884748 1063.912673
41.133037 117.287083 1274.797310
39.345334 107.844920 1172.170122
39.191385 105.019780 1141.463580
36.511230 88.445880 961.321297
39.281944 102.328323 1112.210046
37.399510 92.829904 1008.971396
43.082003 121.196714 1317.291232
43.317826 109.688015 1192.202788
39.938494 97.954996 1064.676195
39.047987 93.758651 1019.065979
41.495983 113.466209 1233.268110
38.428835 97.609701 1060.923183
36.168093 89.661782 974.536974
36.740940 92.485650 1005.229695
38.800808 106.560374 1158.208354
41.003613 116.749344 1268.952611
43.487173 134.750238 1464.604948
39.196755 102.876392 1118.167017
38.752630 104.561763 1136.485380
40.360161 109.489446 1190.044532
36.224930 85.572903 930.094812
40.702734 102.829900 1117.661704
43.275814 131.091833 1424.841617
35.286161 78.165571 849.584267
40.212757 112.506212 1222.833866
36.621694 90.463426 983.250066
39.659611 103.606478 1126.102351
41.470187 120.924975 1314.337684
41.096945 106.353556 1155.960438
40.206080 101.505167 1103.263131
39.870067 100.192942 1089.000517
40.591461 112.064171 1218.029304
36.436964 88.243777 959.124631
41.152052 94.975729 1032.294444
39.064623 104.770278 1138.751729
40.588869 101.275529 1100.767190
40.435657 97.790634 1062.889741
38.227331 99.055060 1076.632833
35.865370 81.290010 883.543893
39.354834 102.259583 1111.462901
37.775100 93.004145 1010.865235
34.284172 73.779362 801.910405
38.947578 98.228009 1067.643586
39.737790 103.665159 1126.740158
38.736368 99.643534 1083.028976
42.360236 116.470684 1265.923848
37.999212 94.568830 1027.871847
39.559258 104.624853 1137.171102
40.769647 111.812486 1215.293731
39.440219 94.724108 1029.559563
40.323562 104.475690 1135.549845
41.298863 111.550121 1212.442077
37.483082 87.860015 954.953504
37.822754 94.651534 1028.770757
44.575382 143.677751 1561.638389
37.035666 88.902088 966.279838
40.738791 105.741599 1149.309060
37.388609 85.914082 933.803098
35.597233 85.560409 929.959014
43.385298 126.849052 1378.726678
38.835181 85.022834 924.116088
36.036757 81.171343 882.254104
38.334019 92.569342 1006.139343
38.691651 93.129155 1012.223969
45.062288 140.707697 1529.356768
34.637088 81.021408 880.624457
40.179706 105.674180 1148.576280
38.911435 102.116376 1109.906386
38.877867 103.369715 1123.528970
37.828919 95.083017 1033.460567
41.470825 120.360332 1308.200566
43.394450 130.630912 1419.831851
39.216303 93.764736 1019.132121
40.401338 104.102866 1131.497606
41.048420 91.589375 995.488043
38.260413 91.915604 999.033839
43.480929 112.889463 1226.999438
41.269288 121.004897 1315.206357
36.935928 94.428642 1026.348137
36.112834 88.577809 962.755234
41.561172 115.140350 1251.464401
44.506083 132.868664 1444.154055
40.844608 103.054085 1120.098374
39.878219 100.866300 1096.319261
37.393844 96.492513 1048.780426
39.292218 101.291948 1100.945641
42.059123 107.916396 1172.947000
38.113833 89.207750 969.602089
41.974035 113.673891 1235.525411
39.725714 97.746140 1062.406135
42.089868 115.032392 1250.291006
40.917919 97.257009 1057.089758
39.815180 108.630294 1180.706375
41.756382 124.246555 1350.440051
34.414094 84.698133 920.586899
33.870809 80.272856 872.488412
36.509667 90.866103 987.626785
40.366790 114.530954 1244.840850
40.687385 117.891244 1281.363965
38.718762 97.695926 1061.860359
37.610008 92.145139 1001.528670
38.168242 91.754617 997.284071
37.198639 89.977889 977.972754
37.602131 91.080934 989.961783
36.864173 96.027770 1043.729114
41.502169 116.569003 1266.992480
40.141138 107.135012 1164.454111
42.598761 118.553976 1288.567219
41.143842 112.383237 1221.497249
41.049398 117.825075 1280.644768
39.587018 100.817238 1095.786003
34.673588 81.462505 885.418750
37.105809 88.945415 966.750762
34.772064 78.255401 850.560629
41.215385 118.874869 1292.055011
40.671216 115.749760 1258.088095
36.030748 84.295435 916.209963
36.763311 88.703718 964.123746
38.939945 97.037709 1054.706176
44.782342 139.265429 1513.680710
43.219682 129.634496 1409.001769
44.221741 135.039717 1467.751305
38.143998 93.930311 1020.931760
42.935459 120.930499 1314.397724
42.559357 115.195972 1252.068961
33.628410 71.265948 774.592030
37.931117 92.712562 1007.696004
34.409861 76.015248 826.212327
35.530067 84.590744 919.419693
36.317218 83.718835 909.942878
39.499251 101.581226 1104.089822
35.549428 87.395931 949.909365
36.786277 87.778505 954.067575
36.295798 92.694807 1007.503029
41.460142 117.699427 1279.279091
42.721665 125.228301 1361.110681
40.391641 104.913096 1140.304032
36.428435 90.676448 985.565415
36.694517 82.052302 891.829281
37.572406 95.298551 1035.803207
34.871960 79.371742 862.694182
37.064538 92.996867 1010.786130
46.002250 146.982987 1597.563114
40.198271 106.941455 1162.350328
38.974566 95.773615 1040.966693
42.857609 123.153394 1338.558451
38.659558 93.698899 1018.416532
39.702522 97.551512 1060.290722
39.019580 98.972070 1075.730812
40.515164 102.979994 1119.293078
41.108982 110.707534 1203.283970
36.713942 90.210527 980.501303
36.836607 87.881083 955.182493
37.195787 89.882462 976.935547
35.824753 89.960406 977.782726
38.801203 94.212815 1024.002304
41.996288 117.931455 1281.801013
35.683372 86.557434 940.795710
38.020067 98.446269 1070.015868
39.526505 107.767342 1171.326925
42.059336 118.273511 1285.518839
43.165455 126.378039 1373.607230
40.883360 107.333992 1166.616829
44.548934 134.409462 1460.901035
40.548229 108.052252 1174.423627
34.784886 85.165114 925.662533
43.758676 131.334372 1427.477781
38.451074 103.257415 1122.308379
42.498785 122.413994 1330.521883
37.435623 95.423571 1037.162060
35.694866 85.430689 928.549077
32.939440 74.535918 810.133442
38.488928 101.141094 1099.306012
36.805311 91.425260 993.704272
39.115876 104.129503 1131.787125
33.022221 75.780423 823.660008
36.802936 91.988282 999.823779
39.298674 109.361184 1188.650450
37.641910 96.721650 1051.270918
41.360701 115.792737 1258.555219
39.542862 100.664817 1094.129338
37.593787 95.403004 1036.938512
35.264135 85.803143 932.597294
38.099243 99.068118 1076.774760
38.091191 87.815745 954.472337
36.617786 92.359909 1003.863006
38.703798 104.043782 1130.855428
38.384810 101.145582 1099.354791
37.060257 93.494957 1016.199889
39.324356 103.911870 1129.421670
37.600979 92.799558 1008.641573
36.336019 83.509248 907.664873
41.658063 116.491187 1266.146689
38.704638 104.188236 1132.425501
42.044130 123.975848 1347.497727
41.645658 97.513543 1059.878029
41.586598 117.644251 1278.679389
35.228498 85.080607 924.744021
40.127191 105.061913 1141.921524
40.198285 103.545872 1125.443627
38.554174 102.797282 1117.307174
41.582329 118.163939 1284.327894
41.004803 114.240435 1241.683192
39.203622 99.911548 1085.942035
40.243170 113.873434 1237.694246
39.304724 101.212699 1100.084291
39.680319 107.485447 1168.263002
36.490486 88.631053 963.333944
37.539669 87.453235 950.532204
34.483188 78.108224 848.960952
38.942371 89.836938 976.440746
38.146113 95.675162 1039.896602
38.512637 98.148828 1066.782970
37.730293 94.866849 1031.111029
36.743914 93.962127 1021.277575
35.820107 89.616781 974.047852
36.245738 91.946656 999.371347
40.468371 115.669547 1257.216260
40.693688 110.526877 1201.320407
35.533051 87.588936 952.007143
39.120020 105.266240 1144.142356
37.358015 99.245674 1078.704627
36.120871 87.670215 952.890569
35.945097 82.744188 899.349408
37.479620 94.774710 1030.109564
36.925952 84.300044 916.260061
37.363096 93.041621 1011.272555
34.215391 83.365966 906.107538
36.048070 86.501298 940.185563
40.931433 102.443251 1113.459198
37.050972 89.675814 974.689487
39.979903 104.493172 1135.739864
40.685513 110.209208 1197.867646
39.807471 105.327513 1144.808343
37.012399 91.933687 999.230383
43.609099 127.208866 1382.637515
39.694433 104.137228 1131.871094
42.921258 119.126232 1294.787093
43.503651 123.583987 1343.238577
43.487733 117.774381 1280.093776
37.278716 94.034537 1022.064594
40.128727 110.307107 1198.931720
36.247858 89.336057 970.996654
35.960255 84.310595 916.374745
41.250804 119.994120 1304.220188
35.013206 80.493463 874.886205
38.341709 90.891874 987.906885
33.616084 75.098149 816.244348
38.872732 97.798020 1062.970028
35.839128 91.109504 990.272311
40.049397 107.822068 1171.921746
35.601857 82.932017 901.390924
37.536923 97.697257 1061.874829
41.047193 116.433577 1265.520534
40.609535 110.633606 1202.480441
41.597258 114.372308 1243.116527
39.759298 109.690546 1192.230299
40.089336 108.153366 1175.522633
37.493269 101.054793 1098.367998
37.014787 86.253281 937.489865
38.762228 103.733224 1127.479954
38.368150 98.936127 1075.340150
36.302282 87.860316 954.956779
37.759417 87.682024 953.018916
38.365424 97.140384 1055.822158
41.349180 118.245872 1285.218423
41.384055 119.405616 1297.823718
40.397212 111.405174 1210.866650
34.726117 82.273802 894.236767
38.048038 91.753056 997.267100
41.895486 127.857352 1389.685934
37.686804 87.089906 946.583169
37.912710 97.228449 1056.779331
39.467065 97.334307 1057.929907
44.629519 134.871196 1465.919641
36.598426 90.211996 980.517265
37.314090 92.310444 1003.325368
46.236838 142.574519 1549.647319
39.407826 96.545638 1049.357842
40.944625 106.161201 1153.869721
39.725553 102.627099 1115.457452
43.364483 123.056267 1337.502772
39.654998 104.344482 1134.123741
34.107321 76.654020 833.155164
37.128578 92.538349 1005.802481
39.962847 102.117216 1109.915508
38.119134 97.627619 1061.117926
36.639584 87.325488 949.143712
42.755498 129.611293 1408.749573
39.351256 99.986965 1086.761742
42.116037 125.387269 1362.838518
40.739228 110.536262 1201.422406
39.806691 106.633699 1159.005316
37.732575 99.182645 1078.019555
39.384972 92.158484 1001.673710
39.096145 104.023613 1130.636207
42.420122 122.355556 1329.886725
38.423727 96.452942 1048.350319
38.547575 94.299802 1024.947775
39.194600 101.443153 1102.589097
40.511508 101.598308 1104.275486
39.340606 102.955042 1119.021875
44.184746 130.282531 1416.045288
41.349488 112.623245 1224.105904
43.818383 134.352950 1460.286811
39.602527 105.816670 1150.125005
42.269532 118.442934 1287.360298
40.230573 113.908933 1238.080088
40.575714 113.584100 1234.549461
38.361675 94.309642 1025.054721
44.187161 122.797978 1334.695425
37.969923 93.217850 1013.188000
40.703951 104.364072 1134.336662
35.391283 89.641734 974.319075
37.199594 90.942259 988.454519
37.715648 95.232614 1035.086536
38.309881 99.957923 1086.446084
36.798513 88.927484 966.555861
40.924445 109.407859 1189.157761
36.224407 87.810175 954.411797
34.469294 80.862507 878.897355
40.933860 112.947570 1227.631000
40.310858 114.172471 1240.944494
32.672093 70.435946 765.570704
39.157779 95.313735 1035.968249
37.491969 88.080693 957.352064
37.015583 87.728971 953.529185
36.738362 88.282903 959.549893
36.469179 85.449093 928.749109
38.789423 97.964164 1064.775845
35.806586 82.411533 895.733768
38.527480 96.644535 1050.432759
36.265601 91.567063 995.245535
41.752210 123.272395 1339.851875
34.714653 84.437493 917.753997
37.983334 96.406504 1047.845584
38.475303 98.776722 1073.607569
41.845892 122.622639 1332.789658
40.809542 113.838756 1237.317328
39.855577 111.266375 1209.358036
35.963923 88.975076 967.073148
37.505230 86.803935 943.474934
36.430931 86.091323 935.729534
35.055729 79.306971 861.990184
36.001576 88.138388 957.979150
35.985175 89.249141 970.051965
38.023589 95.796724 1041.217869
35.562127 87.354717 949.461410
38.610426 104.671633 1137.679562
37.038224 88.700729 964.091253
39.824594 102.059018 1109.282961
37.827656 94.249346 1024.399368
39.544659 104.197086 1132.521692
39.760545 102.371223 1112.676321
32.701188 73.038619 793.859246
34.181561 82.934372 901.416527
37.890382 103.329682 1123.093851
35.100209 82.315529 894.690296
38.516206 98.371436 1069.202506
41.002568 110.940232 1205.813175
41.470336 117.853156 1280.949986
37.452639 94.801760 1030.403571
40.809902 109.834743 1193.797582
39.387645 102.431609 1113.332664
43.852000 123.978384 1347.525290
45.714758 137.682791 1496.478966
39.474517 97.067808 1055.033329
43.073059 122.519708 1331.670890
41.219974 109.098213 1185.792211
42.274332 111.601516 1213.000697
38.896290 97.581444 1060.616052
41.330614 105.633018 1148.128882
40.860483 109.255541 1187.502216
38.095751 97.476669 1059.477253
38.935204 102.135456 1110.113768
40.369986 108.973359 1184.435160
39.140987 101.468523 1102.864851
37.596959 95.250516 1035.281118
38.028714 100.875128 1096.415218
44.072639 138.548680 1505.890341
40.515696 101.394947 1102.065143
35.832726 90.019614 978.426266
40.653250 102.933985 1118.793003
34.368015 80.517117 875.143293
37.189766 93.893038 1020.526638
34.158343 78.136432 849.267552
39.387970 102.923155 1118.675288
36.663828 90.628891 985.048515
35.511017 79.006869 858.728359
37.184312 88.915545 966.426095
38.470774 93.305355 1014.139099
40.406124 100.766573 1095.235330
40.815101 111.423124 1211.061741
34.725347 82.098917 892.335938
40.275503 98.235183 1067.721563
38.254570 96.404358 1047.822262
40.970405 117.268815 1274.598758
36.087294 85.820637 932.787433
39.436103 99.542893 1081.935108
39.800140 111.070925 1207.233681
40.292344 115.626805 1256.751701
39.369697 98.665856 1072.402559
38.987893 94.487535 1026.988253
35.370922 84.337341 916.665445
37.087647 88.666374 963.717847
40.891145 118.155996 1284.241559
35.575341 79.933546 868.800442
39.873406 107.492820 1168.343140
41.349441 112.436344 1222.074466
35.337253 80.368588 873.528931
36.524393 90.788271 986.780822
38.060944 95.842048 1041.710492
39.654173 96.307284 1046.767164
38.423289 91.847004 998.288225
38.782591 97.289603 1057.444020
41.234881 115.388274 1254.159095
41.347534 109.275564 1187.719845
39.508168 108.830252 1182.879728
33.501188 77.255415 839.691743
35.041074 78.720679 855.617756
36.864660 85.587800 930.256725
34.629711 80.515726 875.128178
34.116873 78.928135 857.872600
35.086414 81.177284 882.318676
40.745315 109.599344 1191.239021
37.405777 94.299444 1024.943885
39.077269 88.482462 961.718909
40.342266 106.275971 1155.117157
38.754403 95.927012 1042.633975
38.132851 95.923037 1042.590765
41.325084 116.542816 1266.707849
40.018018 110.740651 1203.643917
41.854317 120.536543 1310.115807
39.248083 93.561204 1016.919922
38.261380 97.333945 1057.925975
38.737183 101.206030 1100.011802
