1.472903225806451388e+01
1.458709677419354733e+01
1.302580645161290107e+01
1.330967741935484128e+01
1.629032258064516014e+01
1.671612903225806690e+01
1.515483870967742064e+01
1.685806451612903345e+01
1.586451612903226049e+01
1.685806451612903345e+01
1.572258064516129394e+01
1.941290322580645267e+01
1.870322580645161281e+01
2.026451612903225907e+01
2.069032258064515872e+01
2.324516129032257794e+01
2.281935483870967829e+01
2.196774193548387188e+01
2.097419354838709893e+01
1.884516129032257936e+01
2.139999999999999858e+01
2.210967741935483843e+01
2.168387096774193878e+01
2.139999999999999858e+01
2.281935483870967829e+01
2.367096774193548470e+01
2.665161290322580356e+01
2.338709677419355160e+01
2.253548387096774519e+01
2.125806451612903203e+01
2.253548387096774519e+01
2.196774193548387188e+01
1.813548387096773951e+01
1.657419354838710035e+01
1.728387096774193310e+01
1.501290322580645409e+01
1.856129032258064626e+01
2.054838709677419217e+01
2.168387096774193878e+01
2.225161290322580498e+01
1.841935483870967971e+01
2.296129032258064484e+01
2.352903225806451815e+01
2.281935483870967829e+01
2.267741935483871174e+01
2.210967741935483843e+01
1.841935483870967971e+01
1.714193548387096655e+01
1.756774193548387331e+01
1.614838709677419359e+01
1.614838709677419359e+01
1.714193548387096655e+01
1.586451612903226049e+01
1.600645161290322704e+01
1.444516129032258078e+01
1.643225806451612669e+01
1.785161290322580641e+01
1.841935483870967971e+01
1.898709677419354591e+01
1.955483870967741922e+01
2.054838709677419217e+01
2.168387096774193878e+01
1.969677419354838577e+01
1.870322580645161281e+01
1.998064516129032597e+01
2.012258064516129252e+01
2.182580645161290533e+01
2.225161290322580498e+01
2.438064516129032455e+01
2.338709677419355160e+01
1.841935483870967971e+01
1.870322580645161281e+01
2.125806451612903203e+01
2.139999999999999858e+01
2.338709677419355160e+01
2.523225806451613096e+01
2.480645161290322420e+01
2.523225806451613096e+01
2.579999999999999716e+01
2.679354838709677722e+01
2.324516129032257794e+01
2.438064516129032455e+01
2.267741935483871174e+01
2.154193548387096513e+01
2.111612903225806548e+01
1.998064516129032597e+01
1.927096774193548612e+01
1.927096774193548612e+01
2.196774193548387188e+01
2.395483870967741780e+01
2.438064516129032455e+01
2.324516129032257794e+01
2.438064516129032455e+01
2.310322580645161139e+01
2.040645161290322562e+01
2.210967741935483843e+01
2.281935483870967829e+01
2.225161290322580498e+01
2.139999999999999858e+01
2.168387096774193878e+01
2.111612903225806548e+01
2.494838709677419075e+01
2.367096774193548470e+01
2.125806451612903203e+01
2.139999999999999858e+01
2.253548387096774519e+01
2.267741935483871174e+01
2.352903225806451815e+01
2.381290322580645125e+01
2.537419354838709751e+01
2.125806451612903203e+01
2.168387096774193878e+01
2.069032258064515872e+01
2.083225806451613238e+01
2.111612903225806548e+01
1.827741935483871316e+01
1.657419354838710035e+01
1.841935483870967971e+01
1.714193548387096655e+01
1.742580645161290676e+01
1.700000000000000000e+01
1.685806451612903345e+01
1.558064516129032029e+01
1.629032258064516014e+01
1.359354838709677438e+01
1.586451612903226049e+01
1.515483870967742064e+01
1.671612903225806690e+01
1.543870967741935374e+01
1.501290322580645409e+01
1.756774193548387331e+01
1.756774193548387331e+01
1.643225806451612669e+01
1.756774193548387331e+01
1.870322580645161281e+01
1.983870967741935232e+01
1.912903225806451957e+01
1.898709677419354591e+01
1.813548387096773951e+01
2.054838709677419217e+01
1.898709677419354591e+01
1.700000000000000000e+01
1.813548387096773951e+01
1.756774193548387331e+01
1.827741935483871316e+01
1.884516129032257936e+01
2.054838709677419217e+01
2.040645161290322562e+01
2.310322580645161139e+01
1.983870967741935232e+01
2.069032258064515872e+01
2.111612903225806548e+01
2.125806451612903203e+01
2.111612903225806548e+01
2.097419354838709893e+01
2.267741935483871174e+01
2.026451612903225907e+01
1.941290322580645267e+01
1.912903225806451957e+01
1.785161290322580641e+01
1.955483870967741922e+01
1.884516129032257936e+01
1.998064516129032597e+01
2.381290322580645125e+01
2.679354838709677722e+01
