7.036774193548387757e+01
6.980000000000001137e+01
3.914193548387096655e+01
6.738709677419353739e+01
5.688387096774193452e+01
4.780000000000000426e+01
5.177419354838709609e+01
6.327096774193548612e+01
5.120645161290322989e+01
6.809677419354838435e+01
5.603225806451613522e+01
4.297419354838709893e+01
4.751612903225807116e+01
4.623870967741935800e+01
4.680645161290322420e+01
4.283225806451613238e+01
4.297419354838709893e+01
4.056129032258064626e+01
3.814838709677419359e+01
4.325806451612903203e+01
3.914193548387096655e+01
4.751612903225807116e+01
4.524516129032257794e+01
4.850967741935483701e+01
4.368387096774193168e+01
4.765806451612903771e+01
5.177419354838709609e+01
5.063870967741934948e+01
4.325806451612903203e+01
4.694838709677419075e+01
4.325806451612903203e+01
4.410967741935484554e+01
4.269032258064516583e+01
5.475483870967742206e+01
5.262580645161290960e+01
7.178709677419354307e+01
4.538709677419354449e+01
4.581290322580645835e+01
4.552903225806451104e+01
4.652258064516129110e+01
4.950322580645161707e+01
4.311612903225806548e+01
4.368387096774193168e+01
4.155483870967741922e+01
4.141290322580645267e+01
4.070322580645161281e+01
4.439354838709677864e+01
4.694838709677419075e+01
4.723225806451612385e+01
5.617419354838710177e+01
5.688387096774193452e+01
4.822580645161290391e+01
5.361935483870967545e+01
5.163225806451612954e+01
6.809677419354838435e+01
4.481935483870967829e+01
4.638064516129032455e+01
4.567096774193547759e+01
4.709032258064515730e+01
3.942580645161290676e+01
4.581290322580645835e+01
4.311612903225806548e+01
4.751612903225807116e+01
4.751612903225807116e+01
4.240645161290323273e+01
4.723225806451612385e+01
4.595483870967742490e+01
4.283225806451613238e+01
4.567096774193547759e+01
4.410967741935484554e+01
4.552903225806451104e+01
4.964516129032258362e+01
4.538709677419354449e+01
4.453548387096774519e+01
4.169677419354838577e+01
4.524516129032257794e+01
4.396774193548386478e+01
4.198064516129031887e+01
6.071612903225805979e+01
6.071612903225805979e+01
4.666451612903225765e+01
4.410967741935484554e+01
4.354193548387096513e+01
4.865161290322580356e+01
4.269032258064516583e+01
4.595483870967742490e+01
4.510322580645161139e+01
4.751612903225807116e+01
4.751612903225807116e+01
4.325806451612903203e+01
4.297419354838709893e+01
4.339999999999999858e+01
4.198064516129031887e+01
4.396774193548386478e+01
4.098709677419354591e+01
4.581290322580645835e+01
4.041935483870967971e+01
4.339999999999999858e+01
4.652258064516129110e+01
4.652258064516129110e+01
3.843225806451612669e+01
4.481935483870967829e+01
4.212258064516128542e+01
5.205806451612902919e+01
4.666451612903225765e+01
4.240645161290323273e+01
4.638064516129032455e+01
4.964516129032258362e+01
4.567096774193547759e+01
4.623870967741935800e+01
4.226451612903225197e+01
4.581290322580645835e+01
4.538709677419354449e+01
4.538709677419354449e+01
4.226451612903225197e+01
4.609677419354839145e+01
5.049677419354838293e+01
4.354193548387096513e+01
4.780000000000000426e+01
4.510322580645161139e+01
4.652258064516129110e+01
4.467741935483871174e+01
5.063870967741934948e+01
4.652258064516129110e+01
6.454838709677420638e+01
5.844516129032258078e+01
4.893548387096773666e+01
4.709032258064515730e+01
5.248387096774194305e+01
4.893548387096773666e+01
4.439354838709677864e+01
4.552903225806451104e+01
4.552903225806451104e+01
4.467741935483871174e+01
3.970967741935483986e+01
4.339999999999999858e+01
4.538709677419354449e+01
4.481935483870967829e+01
4.666451612903225765e+01
4.141290322580645267e+01
4.127096774193548612e+01
4.112903225806451957e+01
4.595483870967742490e+01
4.694838709677419075e+01
4.396774193548386478e+01
4.382580645161289823e+01
4.183870967741935232e+01
4.325806451612903203e+01
4.127096774193548612e+01
4.098709677419354591e+01
4.453548387096774519e+01
4.311612903225806548e+01
4.567096774193547759e+01
4.765806451612903771e+01
4.581290322580645835e+01
4.141290322580645267e+01
4.297419354838709893e+01
4.382580645161289823e+01
4.538709677419354449e+01
4.339999999999999858e+01
4.453548387096774519e+01
4.595483870967742490e+01
4.240645161290323273e+01
4.297419354838709893e+01
5.063870967741934948e+01
