1.586451612903226049e+01
1.770967741935483986e+01
1.856129032258064626e+01
1.898709677419354591e+01
1.912903225806451957e+01
1.629032258064516014e+01
2.225161290322580498e+01
2.125806451612903203e+01
1.728387096774193310e+01
2.253548387096774519e+01
2.281935483870967829e+01
2.097419354838709893e+01
1.998064516129032597e+01
1.714193548387096655e+01
1.941290322580645267e+01
2.438064516129032455e+01
1.600645161290322704e+01
1.827741935483871316e+01
2.324516129032257794e+01
5.929032258064516725e+00
4.793548387096773666e+00
2.537419354838709751e+01
2.281935483870967829e+01
1.132258064516128826e+01
1.685806451612903345e+01
2.069032258064515872e+01
1.856129032258064626e+01
2.281935483870967829e+01
2.565806451612903061e+01
2.367096774193548470e+01
2.736129032258064342e+01
1.629032258064516014e+01
1.629032258064516014e+01
2.395483870967741780e+01
2.012258064516129252e+01
1.941290322580645267e+01
2.551612903225806406e+01
2.438064516129032455e+01
2.963225806451612954e+01
3.034193548387096939e+01
2.509032258064516441e+01
2.480645161290322420e+01
2.509032258064516441e+01
2.352903225806451815e+01
2.579999999999999716e+01
1.657419354838710035e+01
1.558064516129032029e+01
2.026451612903225907e+01
2.040645161290322562e+01
2.324516129032257794e+01
2.154193548387096513e+01
2.338709677419355160e+01
2.154193548387096513e+01
1.827741935483871316e+01
1.756774193548387331e+01
1.700000000000000000e+01
1.884516129032257936e+01
2.352903225806451815e+01
2.281935483870967829e+01
2.594193548387097081e+01
2.792903225806451672e+01
7.206451612903226334e+00
2.849677419354839003e+01
2.267741935483871174e+01
2.324516129032257794e+01
2.509032258064516441e+01
2.920645161290322278e+01
2.750322580645160997e+01
2.792903225806451672e+01
3.332258064516128826e+01
2.963225806451612954e+01
2.721935483870967687e+01
1.756774193548387331e+01
3.204516129032258220e+01
2.707741935483871032e+01
2.821290322580644983e+01
2.494838709677419075e+01
2.537419354838709751e+01
2.466451612903225765e+01
2.083225806451613238e+01
2.324516129032257794e+01
1.884516129032257936e+01
2.466451612903225765e+01
2.395483870967741780e+01
2.565806451612903061e+01
2.352903225806451815e+01
2.324516129032257794e+01
2.338709677419355160e+01
1.856129032258064626e+01
2.239354838709677153e+01
2.423870967741935800e+01
2.324516129032257794e+01
2.579999999999999716e+01
2.622580645161290391e+01
2.650967741935483701e+01
2.579999999999999716e+01
2.835483870967741638e+01
2.892258064516128968e+01
7.632258064516129537e+00
6.070967741935483275e+00
9.761290322580641998e+00
1.912903225806451957e+01
2.423870967741935800e+01
5.319354838709677580e+01
2.083225806451613238e+01
2.267741935483871174e+01
2.949032258064516299e+01
2.807096774193548328e+01
2.849677419354839003e+01
2.792903225806451672e+01
2.878064516129032313e+01
2.934838709677419644e+01
1.813548387096773951e+01
2.537419354838709751e+01
2.863870967741935658e+01
2.693548387096774377e+01
3.289677419354838861e+01
2.892258064516128968e+01
2.253548387096774519e+01
2.111612903225806548e+01
1.132258064516128826e+01
