6.625161290322580498e+01
5.858709677419354733e+01
4.112903225806451957e+01
5.872903225806451388e+01
4.212258064516128542e+01
3.970967741935483986e+01
4.013548387096773951e+01
4.212258064516128542e+01
4.056129032258064626e+01
4.041935483870967971e+01
4.013548387096773951e+01
4.240645161290323273e+01
4.198064516129031887e+01
5.915483870967741353e+01
4.127096774193548612e+01
4.325806451612903203e+01
4.382580645161289823e+01
4.396774193548386478e+01
4.396774193548386478e+01
4.368387096774193168e+01
4.921935483870968397e+01
4.680645161290322420e+01
4.737419354838709040e+01
4.623870967741935800e+01
5.929677419354839429e+01
4.269032258064516583e+01
4.127096774193548612e+01
4.013548387096773951e+01
4.865161290322580356e+01
5.390322580645160855e+01
4.836774193548387046e+01
4.865161290322580356e+01
4.850967741935483701e+01
4.567096774193547759e+01
4.510322580645161139e+01
4.496129032258064484e+01
4.921935483870968397e+01
4.254838709677419928e+01
4.311612903225806548e+01
4.297419354838709893e+01
5.163225806451612954e+01
4.581290322580645835e+01
6.610967741935485265e+01
5.063870967741934948e+01
4.567096774193547759e+01
6.071612903225805979e+01
4.041935483870967971e+01
4.155483870967741922e+01
4.467741935483871174e+01
4.581290322580645835e+01
4.794193548387097081e+01
4.410967741935484554e+01
4.283225806451613238e+01
4.538709677419354449e+01
6.071612903225805979e+01
5.021290322580644983e+01
4.425161290322581209e+01
4.481935483870967829e+01
4.212258064516128542e+01
4.780000000000000426e+01
4.723225806451612385e+01
4.240645161290323273e+01
5.234193548387096229e+01
4.964516129032258362e+01
4.368387096774193168e+01
4.467741935483871174e+01
6.071612903225805979e+01
5.560645161290322136e+01
6.000645161290322704e+01
6.497419354838709182e+01
6.199354838709677296e+01
5.858709677419354733e+01
5.007096774193548328e+01
5.333548387096774235e+01
6.014838709677419359e+01
5.177419354838709609e+01
4.694838709677419075e+01
4.666451612903225765e+01
4.581290322580645835e+01
4.524516129032257794e+01
4.524516129032257794e+01
4.155483870967741922e+01
4.254838709677419928e+01
4.439354838709677864e+01
4.538709677419354449e+01
4.652258064516129110e+01
4.808387096774193736e+01
5.063870967741934948e+01
5.007096774193548328e+01
4.325806451612903203e+01
4.836774193548387046e+01
4.623870967741935800e+01
4.921935483870968397e+01
4.836774193548387046e+01
4.666451612903225765e+01
5.376129032258064200e+01
5.319354838709677580e+01
5.702580645161290107e+01
5.092258064516129679e+01
6.582580645161289112e+01
5.191612903225806264e+01
4.467741935483871174e+01
4.751612903225807116e+01
7.121935483870967687e+01
4.680645161290322420e+01
5.872903225806451388e+01
7.561935483870968255e+01
6.298709677419355302e+01
4.950322580645161707e+01
4.822580645161290391e+01
5.518064516129032171e+01
5.290967741935484270e+01
4.354193548387096513e+01
5.376129032258064200e+01
5.092258064516129679e+01
4.879354838709677011e+01
5.149032258064516299e+01
5.858709677419354733e+01
5.844516129032258078e+01
4.822580645161290391e+01
5.943870967741936084e+01
